0
0.604
0.40437
0.407154
0.40952
0.411878
0.414226
0.416565
0.418895
0.421215
0.423526
0.425828
0.428121
0.430405
0.43268
0.434946
0.437203
0.439451
0.44169
0.44392
0.446142
0.448354
0.450558
0.452753
0.45494
0.457117
0.459287
0.461447
0.463599
0.465743
0.467878
0.470004
0.472122
0.474232
0.476333
0.478426
0.480511
0.482588
0.484656
0.486716
0.488768
0.490812
0.492848
0.494875
0.496895
0.498907
0.50091
0.502906
0.504894
0.506874
0.508846
0.510811
0.512767
0.514716
0.516657
0.518591
0.520516
0.522434
0.524345
0.526248
0.528143
0.530032
0.531912
0.533785
0.535651
0.537509
0.53936
0.541203
0.54304
0.544869
0.54669
0.548505
0.550312
0.552112
0.553905
0.555692
0.55747
0.559242
0.561007
0.562765
0.564516
0.56626
0.567997
0.569727
0.57145
0.573167
0.574877
0.57658
0.578276
0.579965
0.581648
0.583324
0.584994
0.586657
0.588313
0.589963
0.591606
0.593243
0.594873
0.596497
0.598114
0.599725
0.60133
0.602928
0.60452
0.606105
0.607685
0.609258
0.610825
0.612385
0.61394
0.615488
0.61703
0.618566
0.620096
0.62162
0.623138
0.62465
0.626156
0.627656
0.62915
0.630638
0.63212
0.633597
0.635067
0.636532
0.637991
0.639444
0.640891
0.642333
0.643768
0.645199
0.646623
0.648042
0.649455
0.650863
0.652265
0.653662
0.655053
0.656438
0.657819
0.659193
0.660562
0.661926
0.663284
0.664637
0.665985
0.667327
0.668664
0.669996
0.671322
0.672643
0.673959
0.67527
0.676575
0.677876
0.679171
0.680461
0.681746
0.683026
0.684301
0.68557
0.686835
0.688095
0.68935
0.690599
0.691844
0.693084
0.694319
0.695549
0.696774
0.697995
0.69921
0.700421
0.701627
0.702828
0.704024
0.705216
0.706403
0.707585
0.708763
0.709936
0.711104
0.712268
0.713427
0.714581
0.715731
0.716876
0.718017
0.719154
0.720285
0.721413
0.722535
0.723654
0.724768
0.725877
0.726982
0.728083
0.72918
0.730272
0.73136
0.732443
0.733522
0.734597
0.735668
0.736734
0.737796
0.738854
0.739908
0.740958
0.742003
0.743044
0.744081
0.745115
0.746144
0.747169
0.748189
0.749206
0.750219
0.751228
0.752233
0.753233
0.75423
0.755223
0.756212
0.757197
0.758178
0.759156
0.760129
0.761099
0.762064
0.763026
0.763984
0.764939
0.765889
0.766836
0.767779
0.768718
0.769654
0.770585
0.771514
0.772438
0.773359
0.774276
0.77519
0.7761
0.777006
0.777909
0.778808
0.779703
0.780595
0.781484
0.782369
0.783251
0.784129
0.785003
0.785874
0.786742
0.787606
0.788467
0.789324
0.790178
0.791029
0.791876
0.79272
0.79356
0.794397
0.795231
0.796062
0.796889
0.797713
0.798534
0.799352
0.800166
0.800977
0.801785
0.802589
0.803391
0.804189
0.804984
0.805776
0.806565
0.807351
0.808133
0.808913
0.809689
0.810463
0.811233
0.812
0.812764
0.813526
0.814284
0.815039
0.815791
0.81654
0.817286
0.81803
0.81877
0.819507
0.820242
0.820974
0.821702
0.822428
0.823151
0.823871
0.824588
0.825302
0.826014
0.826723
0.827429
0.828132
0.828832
0.82953
0.830224
0.830916
0.831606
0.832292
0.832976
0.833657
0.834336
0.835012
0.835685
0.836355
0.837023
0.837688
0.838351
0.83901
0.839668
0.840322
0.840974
0.841624
0.842271
0.842915
0.843557
0.844196
0.844833
0.845467
0.846099
0.846728
0.847355
0.847979
0.848601
0.84922
0.849837
0.850451
0.851063
0.851673
0.85228
0.852885
0.853487
0.854087
0.854685
0.85528
0.855873
0.856463
0.857051
0.857637
0.858221
0.858802
0.859381
0.859957
0.860532
0.861104
0.861674
0.862241
0.862806
0.86337
0.86393
0.864489
0.865045
0.8656
0.866152
0.866701
0.867249
0.867794
0.868338
0.868879
0.869418
0.869955
0.87049
0.871022
0.871553
0.872081
0.872607
0.873132
0.873654
0.874174
0.874692
0.875208
0.875722
0.876234
0.876744
0.877252
0.877758
0.878262
0.878763
0.879263
0.879761
0.880257
0.880751
0.881243
0.881733
0.882221
0.882707
0.883192
0.883674
0.884154
0.884633
0.88511
0.885584
0.886057
0.886528
0.886997
0.887465
0.88793
0.888394
0.888855
0.889315
0.889773
0.89023
0.890684
0.891137
0.891588
0.892037
0.892484
0.89293
0.893373
0.893815
0.894256
0.894694
0.895131
0.895566
0.895999
0.896431
0.896861
0.897289
0.897716
0.898141
0.898564
0.898985
0.899405
0.899823
0.90024
0.900655
0.901068
0.901479
0.901889
0.902297
0.902704
0.903109
0.903513
0.903915
0.904315
0.904714
0.905111
0.905506
0.9059
0.906293
0.906684
0.907073
0.907461
0.907847
0.908232
0.908615
0.908997
0.909377
0.909756
0.910133
0.910509
0.910883
0.911255
0.911627
0.911996
0.912365
0.912732
0.913097
0.913461
0.913823
0.914185
0.914544
0.914903
0.915259
0.915615
0.915969
0.916321
0.916672
0.917022
0.917371
0.917718
0.918063
0.918407
0.91875
0.919092
0.919432
0.919771
0.920109
0.920445
0.92078
0.921113
0.921446
0.921776
0.922106
0.922434
0.922761
0.923087
0.923411
0.923735
0.924056
0.924377
0.924696
0.925014
0.925331
0.925647
0.925961
0.926274
0.926586
0.926896
0.927205
0.927514
0.92782
0.928126
0.928431
0.928734
0.929036
0.929337
0.929636
0.929935
0.930232
0.930528
0.930823
0.931117
0.93141
0.931701
0.931991
0.932281
0.932569
0.932856
0.933141
0.933426
0.933709
0.933992
0.934273
0.934553
0.934832
0.93511
0.935387
0.935662
0.935937
0.936211
0.936483
0.936754
0.937025
0.937294
0.937562
0.937829
0.938095
0.93836
0.938624
0.938887
0.939149
0.93941
0.93967
0.939928
0.940186
0.940443
0.940698
0.940953
0.941207
0.941459
0.941711
0.941962
0.942211
0.94246
0.942708
0.942955
0.9432
0.943445
0.943689
0.943932
0.944174
0.944414
0.944654
0.944893
0.945131
0.945369
0.945605
0.94584
0.946074
0.946308
0.94654
0.946772
0.947002
0.947232
0.947461
0.947689
0.947916
0.948142
0.948367
0.948591
0.948815
0.949037
0.949259
0.94948
0.9497
0.949919
0.950137
0.950354
0.950571
0.950786
0.951001
0.951215
0.951428
0.95164
0.951851
0.952062
0.952272
0.95248
0.952689
0.952896
0.953102
0.953308
0.953512
0.953716
0.95392
0.954122
0.954323
0.954524
0.954724
0.954923
0.955121
0.955319
0.955516
0.955712
0.955907
0.956102
0.956295
0.956488
0.95668
0.956872
0.957062
0.957252
0.957441
0.95763
0.957818
0.958005
0.958191
0.958376
0.958561
0.958745
0.958928
0.95911
0.959292
0.959473
0.959654
0.959833
0.960012
0.96019
0.960368
0.960545
0.960721
0.960896
0.961071
0.961245
0.961418
0.961591
0.961763
0.961934
0.962105
0.962275
0.962444
0.962612
0.96278
0.962948
0.963114
0.96328
0.963445
0.96361
0.963774
0.963937
0.9641
0.964262
0.964423
0.964584
0.964744
0.964904
0.965063
0.965221
0.965378
0.965535
0.965692
0.965847
0.966003
0.966157
0.966311
0.966464
0.966617
0.966769
0.96692
0.967071
0.967221
0.967371
0.96752
0.967669
0.967817
0.967964
0.968111
0.968257
0.968402
0.968547
0.968692
0.968836
0.968979
0.969122
0.969264
0.969405
0.969546
0.969687
0.969827
0.969966
0.970105
0.970243
0.970381
0.970518
0.970655
0.970791
0.970926
0.971061
0.971196
0.97133
0.971463
0.971596
0.971728
0.97186
0.971991
0.972122
0.972253
0.972382
0.972511
0.97264
0.972768
0.972896
0.973023
0.97315
0.973276
0.973402
0.973527
0.973652
0.973776
0.9739
0.974023
0.974146
0.974268
0.97439
0.974511
0.974632
0.974752
0.974872
0.974991
0.97511
0.975229
0.975347
0.975464
0.975581
0.975698
0.975814
0.97593
0.976045
0.976159
0.976274
0.976388
0.976501
0.976614
0.976726
0.976838
0.97695
0.977061
0.977172
0.977282
0.977392
0.977501
0.97761
0.977719
0.977827
0.977935
0.978042
0.978149
0.978255
0.978361
0.978467
0.978572
0.978677
0.978781
0.978885
0.978988
0.979091
0.979194
0.979296
0.979398
0.9795
0.979601
0.979702
0.979802
0.979902
0.980001
0.9801
0.980199
0.980297
0.980395
0.980493
0.98059
0.980687
0.980783
0.980879
0.980975
0.98107
0.981165
0.981259
0.981353
0.981447
0.98154
0.981633
0.981726
0.981818
0.98191
0.982001
0.982093
0.982183
0.982274
0.982364
0.982454
0.982543
0.982632
0.982721
0.982809
0.982897
0.982985
0.983072
0.983159
0.983245
0.983332
0.983418
0.983503
0.983588
0.983673
0.983758
0.983842
0.983926
0.984009
0.984092
0.984175
0.984258
0.98434
0.984422
0.984504
0.984585
0.984666
0.984746
0.984827
0.984907
0.984986
0.985066
0.985144
0.985223
0.985302
0.98538
0.985457
0.985535
0.985612
0.985689
0.985766
0.985842
0.985918
0.985993
0.986069
0.986144
0.986219
1.59029
1.39074
1.3936
1.39603
1.39847
1.40089
1.4033
1.4057
1.40809
1.41048
1.41285
1.41521
1.41757
1.41991
1.42225
1.42458
1.4269
1.4292
1.4315
1.43379
1.43608
1.43835
1.44061
1.44287
1.44511
1.44735
1.44958
1.45179
1.454
1.45621
1.4584
1.46058
1.46276
1.46492
1.46708
1.46923
1.47137
1.47351
1.47563
1.47775
1.47985
1.48195
1.48404
1.48613
1.4882
1.49027
1.49232
1.49437
1.49641
1.49845
1.50047
1.50249
1.5045
1.5065
1.5085
1.51048
1.51246
1.51443
1.51639
1.51835
1.52029
1.52223
1.52416
1.52609
1.528
1.52991
1.53181
1.5337
1.53559
1.53747
1.53934
1.5412
1.54306
1.54491
1.54675
1.54858
1.55041
1.55223
1.55404
1.55585
1.55765
1.55944
1.56122
1.563
1.56477
1.56653
1.56829
1.57004
1.57178
1.57351
1.57524
1.57696
1.57868
1.58039
1.58209
1.58378
1.58547
1.58715
1.58882
1.59049
1.59215
1.59381
1.59545
1.5971
1.59873
1.60036
1.60198
1.6036
1.60521
1.60681
1.60841
1.61
1.61158
1.61316
1.61473
1.61629
1.61785
1.6194
1.62095
1.62249
1.62403
1.62555
1.62708
1.62859
1.6301
1.63161
1.63311
1.6346
1.63608
1.63756
1.63904
1.64051
1.64197
1.64343
1.64488
1.64633
1.64777
1.6492
1.65063
1.65205
1.65347
1.65488
1.65629
1.65769
1.65908
1.66047
1.66186
1.66323
1.66461
1.66598
1.66734
1.66869
1.67005
1.67139
1.67273
1.67407
1.6754
1.67672
1.67804
1.67936
1.68067
1.68197
1.68327
1.68456
1.68585
1.68713
1.68841
1.68969
1.69095
1.69222
1.69348
1.69473
1.69598
1.69722
1.69846
1.69969
1.70092
1.70215
1.70337
1.70458
1.70579
1.70699
1.70819
1.70939
1.71058
1.71176
1.71295
1.71412
1.71529
1.71646
1.71762
1.71878
1.71993
1.72108
1.72223
1.72337
1.7245
1.72563
1.72676
1.72788
1.729
1.73011
1.73122
1.73232
1.73342
1.73452
1.73561
1.73669
1.73777
1.73885
1.73993
1.741
1.74206
1.74312
1.74418
1.74523
1.74628
1.74732
1.74836
1.7494
1.75043
1.75146
1.75248
1.7535
1.75452
1.75553
1.75654
1.75754
1.75854
1.75954
1.76053
1.76152
1.7625
1.76348
1.76446
1.76543
1.7664
1.76736
1.76832
1.76928
1.77023
1.77118
1.77213
1.77307
1.77401
1.77494
1.77587
1.7768
1.77773
1.77865
1.77956
1.78047
1.78138
1.78229
1.78319
1.78409
1.78498
1.78587
1.78676
1.78764
1.78853
1.7894
1.79028
1.79115
1.79201
1.79288
1.79374
1.79459
1.79545
1.79629
1.79714
1.79798
1.79882
1.79966
1.80049
1.80132
1.80215
1.80297
1.80379
1.80461
1.80542
1.80623
1.80704
1.80784
1.80864
1.80944
1.81023
1.81103
1.81181
1.8126
1.81338
1.81416
1.81493
1.81571
1.81648
1.81724
1.81801
1.81877
1.81952
1.82028
1.82103
1.82178
1.82252
1.82327
1.82401
1.82474
1.82548
1.82621
1.82693
1.82766
1.82838
1.8291
1.82982
1.83053
1.83124
1.83195
1.83265
1.83336
1.83406
1.83475
1.83545
1.83614
1.83683
1.83751
1.8382
1.83888
1.83955
1.84023
1.8409
1.84157
1.84224
1.8429
1.84356
1.84422
1.84488
1.84553
1.84619
1.84683
1.84748
1.84812
1.84876
1.8494
1.85004
1.85067
1.8513
1.85193
1.85256
1.85318
1.8538
1.85442
1.85504
1.85565
1.85626
1.85687
1.85748
1.85808
1.85868
1.85928
1.85988
1.86047
1.86107
1.86166
1.86224
1.86283
1.86341
1.86399
1.86457
1.86515
1.86572
1.86629
1.86686
1.86743
1.86799
1.86855
1.86911
1.86967
1.87023
1.87078
1.87133
1.87188
1.87243
1.87297
1.87352
1.87406
1.8746
1.87513
1.87567
1.8762
1.87673
1.87726
1.87778
1.87831
1.87883
1.87935
1.87986
1.88038
1.88089
1.8814
1.88191
1.88242
1.88293
1.88343
1.88393
1.88443
1.88493
1.88542
1.88592
1.88641
1.8869
1.88739
1.88787
1.88835
1.88884
1.88932
1.88979
1.89027
1.89074
1.89122
1.89169
1.89216
1.89262
1.89309
1.89355
1.89401
1.89447
1.89493
1.89538
1.89584
1.89629
1.89674
1.89719
1.89764
1.89808
1.89852
1.89897
1.89941
1.89984
1.90028
1.90071
1.90115
1.90158
1.90201
1.90244
1.90286
1.90329
1.90371
1.90413
1.90455
1.90497
1.90538
1.9058
1.90621
1.90662
1.90703
1.90744
1.90785
1.90825
1.90865
1.90905
1.90945
1.90985
1.91025
1.91064
1.91104
1.91143
1.91182
1.91221
1.9126
1.91298
1.91337
1.91375
1.91413
1.91451
1.91489
1.91527
1.91564
1.91601
1.91639
1.91676
1.91713
1.9175
1.91786
1.91823
1.91859
1.91895
1.91931
1.91967
1.92003
1.92039
1.92074
1.92109
1.92145
1.9218
1.92215
1.9225
1.92284
1.92319
1.92353
1.92387
1.92421
1.92455
1.92489
1.92523
1.92557
1.9259
1.92623
1.92657
1.9269
1.92722
1.92755
1.92788
1.9282
1.92853
1.92885
1.92917
1.92949
1.92981
1.93013
1.93045
1.93076
1.93108
1.93139
1.9317
1.93201
1.93232
1.93263
1.93293
1.93324
1.93354
1.93385
1.93415
1.93445
1.93475
1.93504
1.93534
1.93564
1.93593
1.93623
1.93652
1.93681
1.9371
1.93739
1.93767
1.93796
1.93825
1.93853
1.93881
1.9391
1.93938
1.93966
1.93994
1.94021
1.94049
1.94077
1.94104
1.94131
1.94158
1.94186
1.94213
1.94239
1.94266
1.94293
1.9432
1.94346
1.94372
1.94399
1.94425
1.94451
1.94477
1.94503
1.94528
1.94554
1.9458
1.94605
1.9463
1.94656
1.94681
1.94706
1.94731
1.94756
1.9478
1.94805
1.94829
1.94854
1.94878
1.94903
1.94927
1.94951
1.94975
1.94999
1.95022
1.95046
1.9507
1.95093
1.95117
1.9514
1.95163
1.95186
1.95209
1.95232
1.95255
1.95278
1.953
1.95323
1.95346
1.95368
1.9539
1.95412
1.95435
1.95457
1.95479
1.95501
1.95522
1.95544
1.95566
1.95587
1.95609
1.9563
1.95651
1.95672
1.95694
1.95715
1.95736
1.95756
1.95777
1.95798
1.95819
1.95839
1.9586
1.9588
1.959
1.9592
1.95941
1.95961
1.95981
1.96001
1.9602
1.9604
1.9606
1.96079
1.96099
1.96118
1.96138
1.96157
1.96176
1.96195
1.96214
1.96233
1.96252
1.96271
1.9629
1.96308
1.96327
1.96345
1.96364
1.96382
1.96401
1.96419
1.96437
1.96455
1.96473
1.96491
1.96509
1.96527
1.96544
1.96562
1.9658
1.96597
1.96615
1.96632
1.96649
1.96667
1.96684
1.96701
1.96718
1.96735
1.96752
1.96769
1.96785
1.96802
1.96819
1.96835
1.96852
1.96868
1.96885
1.96901
1.96917
1.96933
1.96949
1.96966
1.96982
1.96997
1.97013
1.97029
1.97045
1.97061
1.97076
1.97092
1.97107
1.97123
1.97138
1.97153
1.97169
1.97184
1.97199
1.97214
1.97229
1.97244
1.97259
1.97274
1.97288
1.97303
1.97318
1.97332
1.97347
1.97361
1.97376
1.9739
1.97405
1.97419
1.97433
1.97447
1.97461
1.97475
1.97489
1.97503
1.97517
1.97531
1.97545
1.97558
1.97572
1.97585
1.97599
1.97613
1.97626
1.97639
1.97653
1.97666
1.97679
1.97692
1.97705
1.97718
1.97731
1.97744
1.97757
1.9777
1.97783
1.97796
1.97808
1.97821
1.97834
1.97846
1.97859
1.97871
1.97884
1.97896
1.97908
1.97921
1.97933
1.97945
1.97957
1.97969
1.97981
1.97993
1.98005
1.98017
1.98029
1.98041
1.98052
1.98064
1.98076
1.98087
1.98099
1.9811
1.98122
1.98133
1.98145
1.98156
1.98167
1.98178
1.9819
1.98201
1.98212
1.98223
1.98234
1.98245
1.98256
1.98267
1.98278
1.98288
1.98299
1.9831
1.9832
1.98331
1.98342
1.98352
1.98363
1.98373
1.98384
1.98394
1.98404
1.98415
1.98425
1.98435
1.98445
1.98455
1.98465
1.98476
1.98486
1.98496
1.98505
1.98515
1.98525
1.98535
1.98545
1.98555
1.98564
1.98574
1.98584
1.98593
1.98603
1.98612
1.98622
1.98631
1.9864
1.9865
1.98659
1.98668
1.98678
1.98687
1.98696
1.98705
1.98714
1.98723
1.98732
1.98741
1.9875
1.98759
1.98768
1.98777
1.98786
1.98795
1.98803
1.98812
1.98821
1.9883
1.98838
1.98847
1.98855
1.98864
1.98872
1.98881
1.98889
1.98898
1.98906
1.98914
1.98922
1.98931
1.98939
1.98947
1.98955
1.98963
1.98971
1.9898
1.98988
1.98996
1.99003
1.99011
1.99019
1.99027
1.99035
1.99043
1.99051
1.99058
1.99066
1.99074
1.99081
1.99089
1.99097
1.99104
1.99112
1.99119
1.99127
1.99134
1.99141
1.99149
1.99156
1.99163
1.99171
1.99178
1.99185
1.99192
1.992
1.99207
1.99214
1.99221
1.99228
1.99235
1.99242
1.99249
1.99256
1.99263
1.9927
1.99277
1.99284
1.9929
1.99297
1.99304
1.99311
1.99317
1.99324
1.99331
1.99337
1.99344
1.99351
1.99357
1.99364
1.9937
1.99377
1.99383
1.99389
1.99396
1.99402
1.99409
1.99415
1.99421
1.99427
1.99434
1.9944
1.99446
1.99452
1.99458
1.99465
1.99471
1.99477
1.99483
1.99489
1.99495
1.99501
1.99507
1.99513
1.99519
1.99524
1.9953
1.99536
1.99542
1.99548
1.99554
1.99559
1.99565
1.99571
1.99576
1.99582
1.99588
1.99593
1.99599
1.99604
1.9961
1.99616
1.99621
1.99626
1.99632
1.99637
1.99643
1.99648
1.99654
1.99659
1.99664
1.9967
1.99675
1.9968
1.99685
1.99691
1.99696
1.99701
1.99706
1.99711
1.99716
1.99721
1.99727
1.99732
1.99737
1.99742
1.99747
1.99752
1.99757
1.99762
1.99767
1.99771
1.99776
1.99781
1.99786
1.99791
1.99796
1.998
1.99805
1.9981
1.99815
1.99819
1.99824
1.99829
1.99833
1.99838
1.99843
1.99847
1.99852
1.99856
1.99861
1.99866
1.9987
1.99875
1.99879
1.99883
1.99888
1.99892
1.99897
1.99901
1.99905
1.9991
1.99914
1.99918
1.99923
1.99927
1.99931
1.99936
1.9994
1.99944
1.99948
1.99952
1.99957
1.99961
1.99965
1.99969
1.99973
1.99977
1.99981
1.99985
1.99989
1.99993
1.99997
2.00001
2.00005
2.00009
2.00013
2.00017
2.00021
2.00025
2.00029
2.00033
2.00037
2.0004
2.00044
2.00048
2.00052
2.00056
2.00059
2.00063
2.00067
2.00071
2.00074
2.00078
2.00082
2.00085
2.00089
2.00093
2.00096
2.001
2.00103
2.00107
2.0011
2.00114
2.00117
2.00121
2.00125
2.00128
2.00131
2.00135
2.00138
2.00142
2.00145
2.00149
2.00152
2.00155
2.00159
2.00162
2.00165
2.00169
2.00172
2.00175
2.00179
2.00182
2.00185
2.00188
2.00192
2.00195
2.00198
2.00201
2.00204
2.00208
2.00211
2.00214
2.00217
2.0022
2.00223
2.00226
2.00229
2.00233
2.00236
2.00239
2.00242
2.00245
2.00248
2.00251
2.00254
2.00257
2.0026
2.00263
2.00266
2.00268
2.00271
2.00274
2.00277
2.0028
2.00283
2.00286
2.00289
2.00291
2.00294
2.00297
2.003
2.00303
2.00305
2.00308
2.00311
2.00314
2.00317
2.00319
2.00322
2.00325
2.00327
2.0033
2.00333
2.00335
2.00338
2.00341
2.00343
2.00346
2.00348
2.00351
2.00354
2.00356
2.00359
2.00361
2.00364
2.00366
2.00369
2.00372
2.00374
2.00377
2.00379
2.00381
2.00384
2.00386
2.00389
2.00391
2.00394
2.00396
2.00399
2.00401
2.00403
2.00406
2.00408
2.0041
2.00413
2.00415
2.00418
2.0042
2.00422
2.00424
2.00427
2.00429
2.00431
2.00434
2.00436
2.00438
2.0044
2.00443
2.00445
2.00447
2.00449
2.00451
2.00454
2.00456
2.00458
2.0046
2.00462
2.00464
2.00467
2.00469
2.00471
2.00473
2.00475
2.00477
2.00479
2.00481
2.00483
2.00485
2.00488
2.0049
2.00492
2.00494
2.00496
2.00498
2.005
2.00502
2.00504
2.00506
2.00508
2.0051
2.00512
2.00514
2.00516
2.00517
2.00519
2.00521
2.00523
2.00525
2.00527
2.00529
2.00531
2.00533
2.00535
2.00536
2.00538
2.0054
2.00542
2.00544
2.00546
2.00547
2.00549
2.00551
2.00553
2.00555
2.00556
2.00558
2.0056
2.00562
2.00564
2.00565
2.00567
2.00569
2.0057
2.00572
2.00574
2.00576
2.00577
2.00579
2.00581
2.00582
2.00584
2.00586
2.00587
2.00589
2.00591
2.00592
2.00594
2.00596
2.00597
2.00599
2.006
2.00602
2.00604
2.00605
2.00607
2.00608
2.0061
2.00611
2.00613
2.00615
2.00616
2.00618
2.00619
2.00621
2.00622
2.00624
2.00625
2.00627
2.00628
2.0063
2.00631
2.00633
2.00634
2.00636
2.00637
2.00639
2.0064
2.00642
2.00643
2.00644
2.00646
2.00647
2.00649
2.0065
2.00652
2.00653
2.00654
2.00656
2.00657
2.00658
2.0066
2.00661
2.00663
2.00664
2.00665
2.00667
2.00668
2.00669
2.00671
2.00672
2.00673
2.00675
2.00676
2.00677
2.00678
2.0068
2.00681
2.00682
2.00684
2.00685
2.00686
2.00687
2.00689
2.0069
2.00691
2.00692
2.00694
2.00695
2.00696
2.00697
2.00699
2.007
2.00701
2.00702
2.00703
2.00705
2.00706
2.00707
2.00708
2.00709
2.0071
2.00712
2.00713
2.00714
2.00715
2.00716
2.00717
2.00719
2.0072
2.00721
2.00722
2.00723
2.00724
2.00725
2.00726
2.00727
2.00729
2.0073
2.00731
2.00732
2.00733
2.00734
2.00735
2.00736
2.00737
2.00738
2.00739
2.0074
2.00741
2.00743
2.00744
2.00745
2.00746
2.00747
2.00748
2.00749
2.0075
2.00751
2.00752
2.00753
2.00754
2.00755
2.00756
2.00757
2.00758
0.799586
1.19886
1.1933
1.18858
1.18387
1.17918
1.17451
1.16986
1.16523
1.16062
1.15603
1.15145
1.14689
1.14235
1.13783
1.13332
1.12884
1.12437
1.11992
1.11548
1.11107
1.10667
1.10229
1.09792
1.09358
1.08925
1.08493
1.08064
1.07636
1.0721
1.06785
1.06363
1.05942
1.05522
1.05104
1.04688
1.04274
1.03861
1.0345
1.0304
1.02632
1.02226
1.01821
1.01418
1.01017
1.00617
1.00219
0.998218
0.994266
0.99033
0.986409
0.982504
0.978614
0.97474
0.970881
0.967037
0.963209
0.959395
0.955597
0.951814
0.948046
0.944292
0.940554
0.93683
0.933122
0.929427
0.925748
0.922083
0.918432
0.914796
0.911174
0.907567
0.903974
0.900395
0.896831
0.89328
0.889744
0.886221
0.882712
0.879218
0.875737
0.87227
0.868817
0.865377
0.861951
0.858539
0.85514
0.851754
0.848382
0.845023
0.841678
0.838346
0.835027
0.831721
0.828428
0.825148
0.821881
0.818628
0.815387
0.812159
0.808943
0.805741
0.802551
0.799373
0.796209
0.793056
0.789917
0.786789
0.783675
0.780572
0.777482
0.774404
0.771338
0.768284
0.765242
0.762213
0.759195
0.756189
0.753196
0.750214
0.747244
0.744285
0.741339
0.738404
0.73548
0.732569
0.729668
0.72678
0.723902
0.721036
0.718182
0.715338
0.712506
0.709686
0.706876
0.704077
0.70129
0.698513
0.695748
0.692994
0.69025
0.687517
0.684795
0.682084
0.679384
0.676694
0.674015
0.671346
0.668689
0.666041
0.663404
0.660778
0.658162
0.655556
0.652961
0.650376
0.647801
0.645236
0.642682
0.640137
0.637603
0.635079
0.632564
0.63006
0.627566
0.625081
0.622606
0.620142
0.617686
0.615241
0.612805
0.610379
0.607962
0.605556
0.603158
0.60077
0.598392
0.596023
0.593663
0.591313
0.588972
0.58664
0.584317
0.582004
0.5797
0.577405
0.575119
0.572842
0.570574
0.568315
0.566065
0.563824
0.561592
0.559368
0.557154
0.554948
0.552751
0.550563
0.548383
0.546212
0.544049
0.541896
0.53975
0.537613
0.535485
0.533365
0.531253
0.52915
0.527055
0.524968
0.52289
0.52082
0.518758
0.516704
0.514659
0.512621
0.510592
0.50857
0.506557
0.504551
0.502554
0.500564
0.498582
0.496608
0.494642
0.492684
0.490733
0.48879
0.486855
0.484928
0.483008
0.481096
0.479191
0.477294
0.475404
0.473522
0.471647
0.46978
0.46792
0.466068
0.464223
0.462385
0.460554
0.458731
0.456914
0.455106
0.453304
0.451509
0.449722
0.447941
0.446168
0.444401
0.442642
0.440889
0.439144
0.437405
0.435673
0.433949
0.432231
0.430519
0.428815
0.427117
0.425426
0.423742
0.422064
0.420393
0.418729
0.417071
0.41542
0.413775
0.412137
0.410505
0.40888
0.407261
0.405649
0.404043
0.402443
0.40085
0.399263
0.397682
0.396108
0.39454
0.392978
0.391422
0.389872
0.388329
0.386791
0.38526
0.383735
0.382215
0.380702
0.379195
0.377694
0.376199
0.374709
0.373226
0.371748
0.370276
0.36881
0.36735
0.365896
0.364447
0.363004
0.361567
0.360136
0.35871
0.35729
0.355875
0.354466
0.353063
0.351665
0.350273
0.348886
0.347505
0.346129
0.344759
0.343394
0.342034
0.34068
0.339331
0.337988
0.33665
0.335317
0.333989
0.332667
0.33135
0.330038
0.328731
0.32743
0.326134
0.324842
0.323556
0.322275
0.320999
0.319729
0.318463
0.317202
0.315946
0.314695
0.313449
0.312208
0.310972
0.309741
0.308515
0.307293
0.306077
0.304865
0.303658
0.302456
0.301258
0.300066
0.298878
0.297694
0.296516
0.295342
0.294173
0.293008
0.291848
0.290692
0.289542
0.288395
0.287253
0.286116
0.284983
0.283855
0.282731
0.281612
0.280497
0.279387
0.27828
0.277179
0.276081
0.274988
0.2739
0.272815
0.271735
0.270659
0.269588
0.26852
0.267457
0.266398
0.265344
0.264293
0.263247
0.262205
0.261167
0.260133
0.259103
0.258077
0.257055
0.256037
0.255024
0.254014
0.253008
0.252007
0.251009
0.250015
0.249025
0.24804
0.247058
0.246079
0.245105
0.244135
0.243168
0.242205
0.241247
0.240291
0.23934
0.238392
0.237449
0.236509
0.235572
0.23464
0.233711
0.232785
0.231864
0.230946
0.230031
0.229121
0.228214
0.22731
0.22641
0.225514
0.224621
0.223732
0.222846
0.221964
0.221085
0.22021
0.219338
0.218469
0.217604
0.216743
0.215885
0.21503
0.214179
0.213331
0.212486
0.211645
0.210807
0.209972
0.209141
0.208313
0.207488
0.206667
0.205849
0.205034
0.204222
0.203413
0.202608
0.201806
0.201007
0.200211
0.199419
0.198629
0.197843
0.197059
0.196279
0.195502
0.194728
0.193957
0.193189
0.192424
0.191663
0.190904
0.190148
0.189395
0.188645
0.187898
0.187155
0.186414
0.185676
0.18494
0.184208
0.183479
0.182753
0.182029
0.181308
0.18059
0.179876
0.179163
0.178454
0.177748
0.177044
0.176343
0.175645
0.174949
0.174257
0.173567
0.17288
0.172195
0.171513
0.170834
0.170158
0.169484
0.168813
0.168145
0.167479
0.166816
0.166156
0.165498
0.164843
0.16419
0.16354
0.162893
0.162248
0.161605
0.160966
0.160328
0.159694
0.159061
0.158432
0.157804
0.15718
0.156557
0.155937
0.15532
0.154705
0.154093
0.153483
0.152875
0.15227
0.151667
0.151066
0.150468
0.149873
0.149279
0.148688
0.1481
0.147513
0.146929
0.146347
0.145768
0.145191
0.144616
0.144044
0.143473
0.142905
0.142339
0.141776
0.141215
0.140656
0.140099
0.139544
0.138992
0.138441
0.137893
0.137347
0.136803
0.136262
0.135722
0.135185
0.13465
0.134117
0.133586
0.133057
0.13253
0.132005
0.131483
0.130962
0.130444
0.129927
0.129413
0.128901
0.12839
0.127882
0.127376
0.126871
0.126369
0.125869
0.12537
0.124874
0.12438
0.123887
0.123397
0.122908
0.122422
0.121937
0.121454
0.120973
0.120494
0.120017
0.119542
0.119069
0.118598
0.118128
0.11766
0.117194
0.11673
0.116268
0.115808
0.11535
0.114893
0.114438
0.113985
0.113534
0.113084
0.112636
0.11219
0.111746
0.111304
0.110863
0.110424
0.109987
0.109552
0.109118
0.108686
0.108256
0.107827
0.1074
0.106975
0.106551
0.10613
0.105709
0.105291
0.104874
0.104459
0.104045
0.103633
0.103223
0.102814
0.102407
0.102002
0.101598
0.101196
0.100795
0.100396
0.0999987
0.0996028
0.0992084
0.0988156
0.0984244
0.0980347
0.0976466
0.09726
0.096875
0.0964914
0.0961094
0.0957289
0.0953499
0.0949724
0.0945964
0.0942219
0.0938488
0.0934773
0.0931072
0.0927386
0.0923714
0.0920057
0.0916414
0.0912786
0.0909172
0.0905573
0.0901988
0.0898417
0.089486
0.0891317
0.0887788
0.0884273
0.0880772
0.0877285
0.0873812
0.0870352
0.0866907
0.0863475
0.0860056
0.0856651
0.0853259
0.0849881
0.0846517
0.0843165
0.0839827
0.0836502
0.083319
0.0829891
0.0826606
0.0823333
0.0820074
0.0816827
0.0813593
0.0810372
0.0807163
0.0803968
0.0800785
0.0797615
0.0794457
0.0791312
0.0788179
0.0785058
0.078195
0.0778854
0.0775771
0.0772699
0.076964
0.0766593
0.0763558
0.0760535
0.0757524
0.0754525
0.0751538
0.0748562
0.0745599
0.0742647
0.0739706
0.0736778
0.0733861
0.0730955
0.0728062
0.0725179
0.0722308
0.0719448
0.07166
0.0713763
0.0710937
0.0708122
0.0705319
0.0702526
0.0699745
0.0696974
0.0694215
0.0691467
0.0688729
0.0686002
0.0683286
0.0680581
0.0677887
0.0675203
0.067253
0.0669867
0.0667215
0.0664573
0.0661942
0.0659322
0.0656711
0.0654111
0.0651522
0.0648942
0.0646373
0.0643814
0.0641265
0.0638726
0.0636197
0.0633679
0.063117
0.0628671
0.0626182
0.0623703
0.0621234
0.0618774
0.0616324
0.0613884
0.0611454
0.0609033
0.0606622
0.060422
0.0601828
0.0599445
0.0597072
0.0594708
0.0592354
0.0590008
0.0587673
0.0585346
0.0583028
0.058072
0.0578421
0.0576131
0.057385
0.0571578
0.0569315
0.0567061
0.0564816
0.056258
0.0560353
0.0558134
0.0555924
0.0553724
0.0551531
0.0549348
0.0547173
0.0545006
0.0542849
0.05407
0.0538559
0.0536427
0.0534303
0.0532188
0.0530081
0.0527982
0.0525892
0.052381
0.0521736
0.051967
0.0517613
0.0515563
0.0513522
0.0511489
0.0509464
0.0507447
0.0505438
0.0503437
0.0501444
0.0499459
0.0497481
0.0495512
0.049355
0.0491596
0.048965
0.0487711
0.048578
0.0483857
0.0481941
0.0480033
0.0478133
0.047624
0.0474354
0.0472476
0.0470606
0.0468742
0.0466887
0.0465038
0.0463197
0.0461363
0.0459537
0.0457717
0.0455905
0.04541
0.0452302
0.0450512
0.0448728
0.0446951
0.0445182
0.0443419
0.0441664
0.0439915
0.0438174
0.0436439
0.0434711
0.043299
0.0431276
0.0429568
0.0427867
0.0426174
0.0424486
0.0422806
0.0421132
0.0419465
0.0417804
0.041615
0.0414502
0.0412861
0.0411227
0.0409598
0.0407977
0.0406362
0.0404753
0.040315
0.0401554
0.0399964
0.0398381
0.0396804
0.0395233
0.0393668
0.0392109
0.0390557
0.0389011
0.0387471
0.0385936
0.0384409
0.0382887
0.0381371
0.0379861
0.0378357
0.0376859
0.0375367
0.0373881
0.0372401
0.0370926
0.0369458
0.0367995
0.0366538
0.0365087
0.0363642
0.0362202
0.0360768
0.035934
0.0357917
0.03565
0.0355088
0.0353683
0.0352282
0.0350888
0.0349498
0.0348115
0.0346736
0.0345364
0.0343996
0.0342634
0.0341278
0.0339927
0.0338581
0.033724
0.0335905
0.0334576
0.0333251
0.0331931
0.0330617
0.0329308
0.0328005
0.0326706
0.0325413
0.0324124
0.0322841
0.0321563
0.032029
0.0319022
0.0317759
0.0316501
0.0315248
0.0313999
0.0312756
0.0311518
0.0310285
0.0309056
0.0307833
0.0306614
0.03054
0.0304191
0.0302987
0.0301787
0.0300592
0.0299402
0.0298217
0.0297036
0.029586
0.0294689
0.0293522
0.029236
0.0291203
0.029005
0.0288901
0.0287758
0.0286618
0.0285484
0.0284353
0.0283228
0.0282106
0.0280989
0.0279877
0.0278769
0.0277665
0.0276566
0.0275471
0.027438
0.0273294
0.0272212
0.0271134
0.0270061
0.0268992
0.0267927
0.0266866
0.0265809
0.0264757
0.0263709
0.0262665
0.0261625
0.0260589
0.0259557
0.025853
0.0257506
0.0256487
0.0255471
0.025446
0.0253452
0.0252449
0.0251449
0.0250454
0.0249462
0.0248475
0.0247491
0.0246511
0.0245535
0.0244563
0.0243595
0.0242631
0.024167
0.0240713
0.023976
0.0238811
0.0237865
0.0236924
0.0235986
0.0235051
0.0234121
0.0233194
0.0232271
0.0231351
0.0230435
0.0229523
0.0228614
0.0227709
0.0226807
0.0225909
0.0225015
0.0224124
0.0223237
0.0222353
0.0221473
0.0220596
0.0219723
0.0218853
0.0217986
0.0217123
0.0216264
0.0215407
0.0214554
0.0213705
0.0212859
0.0212016
0.0211177
0.0210341
0.0209508
0.0208679
0.0207852
0.0207029
0.020621
0.0205393
0.020458
0.020377
0.0202964
0.020216
0.020136
0.0200562
0.0199768
0.0198977
0.019819
0.0197405
0.0196624
0.0195845
0.019507
0.0194297
0.0193528
0.0192762
0.0191999
0.0191239
0.0190481
0.0189727
0.0188976
0.0188228
0.0187483
0.0186741
0.0186001
0.0185265
0.0184531
0.0183801
0.0183073
0.0182348
0.0181626
0.0180907
0.0180191
0.0179478
0.0178767
0.0178059
0.0177354
0.0176652
0.0175953
0.0175256
0.0174562
0.0173871
0.0173183
0.0172497
0.0171814
0.0171134
0.0170457
0.0169782
0.016911
0.016844
0.0167773
0.0167109
0.0166447
0.0165788
0.0165132
0.0164478
0.0163827
0.0163178
0.0162532
0.0161889
0.0161248
0.016061
0.0159974
0.015934
0.015871
0.0158081
0.0157455
0.0156832
0.0156211
0.0155593
0.0154977
0.0154363
0.0153752
0.0153143
0.0152537
0.0151933
0.0151331
0.0150732
0.0150136
0.0149541
0.0148949
0.0148359
0.0147772
0.0147187
0.0146604
0.0146024
0.0145446
0.014487
0.0144296
0.0143725
0.0143156
0.0142589
0.0142025
0.0141462
0.0140902
0.0140345
0.0139789
0.0139235
0.0138684
0.0138135
0.0137588
0.0137043
0.0136501
0.0135961
0.0135422
0.0134886
0.0134352
0.013382
0.013329
0.0132763
0.0132237
0.0131713
0.0131192
0.0130673
0.0130155
0.012964
0.0129127
0.0128615
0.0128106
0.0127599
0.0127094
0.0126591
0.012609
0.012559
0.0125093
0.0124598
0.0124105
0.0123613
0.0123124
0.0122636
0.0122151
0.0121667
0.0121186
0.0120706
0.0120228
0.0119752
0.0119278
0.0118806
0.0118335
0.0117867
0.01174
0.0116935
0.0116472
0.0116011
0.0115552
0.0115094
0.0114639
0.0114185
0.0113733
0.0113282
0.0112834
0.0112387
0.0111942
0.0111499
0.0111058
0.0110618
0.011018
0.0109744
0.0109309
0.0108877
0.0108446
0.0108016
0.0107589
0.0107163
0.0106738
0.0106316
0.0105895
0.0105476
0.0105058
0.0104642
0.0104228
0.0103815
0.0103404
0.0102995
0.0102587
0.0102181
0.0101776
0.0101373
0.0100972
0.0100572
0.0100174
0.00997774
0.00993824
0.0098989
0.0098597
0.00982067
0.00978179
0.00974306
0.00970449
0.00966607
0.0096278
0.00958968
0.00955171
0.0095139
0.00947623
0.00943871
0.00940135
0.00936412
0.00932705
0.00929012
0.00925334
0.00921671
0.00918022
0.00914387
0.00910767
0.00907161
0.0090357
0.00899993
0.00896429
0.0089288
0.00889345
0.00885824
0.00882317
0.00878824
0.00875344
0.00871879
0.00868427
0.00864989
0.00861564
0.00858153
0.00854756
0.00851372
0.00848001
0.00844644
0.008413
0.00837969
0.00834651
0.00831347
0.00828056
0.00824777
0.00821512
0.00818259
0.0081502
0.00811793
0.00808579
0.00805378
0.00802189
0.00799013
0.0079585
0.00792699
0.00789561
0.00786435
0.00783321
0.0078022
0.00777131
0.00774054
0.00770989
0.00767937
0.00764897
0.00761868
0.00758852
0.00755848
0.00752855
0.00749875
0.00746906
0.00743949
0.00741003
0.0073807
0.00735148
0.00732237
0.00729338
0.00726451
0.00723574
0.0072071
0.00717856
0.00715014
0.00712184
0.00709364
0.00706556
0.00703758
0.00700972
0.00698197
0.00695432
0.00692679
0.00689937
0.00687205
0.00684485
0.00681775
0.00679075
0.00676387
0.00673709
0.00671042
0.00668385
0.00665739
0.00663103
0.00660478
0.00657863
0.00655258
0.00652664
0.0065008
0.00647506
0.00644943
0.0064239
0.00639846
0.00637313
0.0063479
0.00632277
0.00629773
0.0062728
0.00624797
0.00622323
0.00619859
0.00617405
0.00614961
0.00612526
0.00610101
0.00607686
0.0060528
0.00602883
0.00600496
0.00598119
0.00595751
0.00593392
0.00591043
0.00588703
0.00586372
0.00584051
0.00581738
0.00579435
0.00577141
0.00574856
0.0057258
0.00570313
0.00568055
0.00565806
0.00563566
0.00561335
0.00559113
0.00556899
0.00554694
0.00552498
0.00550311
0.00548132
0.00545962
0.00543801
0.00541648
0.00539503
0.00537367
0.0053524
0.00533121
0.0053101
0.00528908
0.00526814
0.00524728
0.00522651
0.00520581
0.0051852
0.00516468
0.00514423
0.00512386
0.00510358
0.00508337
0.00506325
0.0050432
0.00502323
0.00500335
0.00498354
0.00496381
0.00494415
0.00492458
0.00490508
0.00488566
0.00486632
0.00484705
0.00482786
0.00480875
0.00478971
0.00477075
0.00475186
0.00473305
0.00471431
0.00469564
0.00467705
0.00465854
0.00464009
0.00462172
0.00460342
0.0045852
0.00456704
0.00454896
0.00453095
0.00451302
0.00449515
0.00447735
0.00445963
0.00444197
0.00442438
0.00440687
0.00438942
0.00437204
0.00435473
0.00433749
0.00432032
0.00430321
0.00428618
0.00426921
0.0042523
0.00423547
0.0042187
0.004202
0.00418536
0.00416879
0.00415229
0.00413585
0.00411947
0.00410316
0.00408692
0.00407074
0.00405462
0.00403857
0.00402258
0.00400665
0.00399079
0.00397499
0.00395925
0.00394358
0.00392797
0.00391242
0.00389693
0.0038815
0.00386613
0.00385082
0.00383558
0.00382039
0.00380527
0.0037902
0.0037752
0.00376025
0.00374536
0.00373054
0.00371577
0.00370105
0.0036864
0.00367181
0.00365727
0.00364279
0.00362837
0.003614
0.0035997
0.00358544
0.00357125
0.00355711
0.00354303
0.003529
0.00351503
0.00350111
0.00348725
0.00347344
0.00345969
0.00344599
0.00343235
0.00341876
0.00340523
0.00339175
0.00337832
0.00336494
0.00335162
0.00333835
0.00332513
0.00331197
0.00329886
0.0032858
0.00327279
0.00325983
0.00324693
0.00323407
0.00322127
0.00320851
0.00319581
0.00318316
0.00317056
0.003158
0.0031455
0.00313305
0.00312064
0.00310829
0.00309598
0.00308372
0.00307152
0.00305936
0.00304724
0.00303518
0.00302316
0.00301119
0.00299927
0.0029874
0.00297557
0.00296379
0.00295205
0.00294037
0.00292873
0.00291713
0.00290558
0.00289408
0.00288262
0.00287121
0.00285984
0.00284852
0.00283724
0.00282601
0.00281482
0.00280367
0.00279257
0.00278152
0.00277051
0.00275954
0.00274861
0.00273773
0.00272689
0.0027161
0.00270534
0.00269463
0.00268396
0.00267334
0.00266275
0.00265221
0.00264171
0.00263125
0.00262083
0.00261046
0.00260012
0.00258983
0.00257958
0.00256936
0.00255919
0.00254906
0.00253897
0.00252891
0.0025189
0.00250893
0.002499
0.0024891
0.00247925
0.00246943
0.00245966
0.00244992
0.00244022
0.00243056
0.00242093
0.00241135
0.0024018
0.00239229
0.00238282
0.00237339
0.00236399
0.00235463
0.00234531
0.00233603
0.00232678
0.00231757
0.00230839
0.00229925
0.00229015
0.00228108
0.00227205
0.00226305
0.00225409
0.00224517
0.00223628
0.00222743
0.00221861
0.00220983
0.00220108
0.00219236
0.00218368
0.00217504
0.00216643
0.00215785
0.00214931
0.0021408
0.00213232
0.00212388
0.00211547
0.0021071
0.00209875
0.00209044
0.00208217
0.00207392
0.00206571
0.00205753
0.00204939
0.00204127
0.00203319
0.00202514
0.00201713
0.00200914
0.00200119
0.00199326
0.00198537
0.00197751
0.00196968
0.00196188
0.00195412
0.00194638
0.00193867
0.001931
0.00192335
0.00191574
0.00190815
0.0019006
0.00189307
0.00188558
0.00187811
0.00187068
0.00186327
0.0018559
0.00184855
0.00184123
0.00183394
0.00182668
0.00181945
0.00181224
0.00180507
0.00179792
0.00179081
0.00178371
0.00177665
0.00176962
0.00176261
0.00175563
0.00174868
0.00174176
0.00173487
0.001728
0.00172116
0.00171434
0.00170755
0.00170079
0.00169406
0.00168735
0.00168067
0.00167402
0.00166739
0.00166079
0.00165421
0.00164767
0.00164114
0.00163465
0.00162817
0.00162173
0.00161531
0.00160891
0.00160254
0.0015962
0.00158988
0.00158358
0.00157731
0.00157107
0.00156485
0.00155865
0.00155248
0.00154634
0.00154021
0.00153412
0.00152804
0.00152199
0.00151597
0.00150997
0.00150399
0.00149803
0.0014921
0.00148619
0.00148031
0.00147445
0.00146861
0.0014628
0.00145701
0.00145124
0.00144549
0.00143977
0.00143407
0.00142839
0.00142274
0.0014171
0.00141149
0.00140591
0.00140034
0.00139479
0.00138927
0.00138377
0.00137829
0.00137284
0.0013674
0.00136199
0.0013566
0.00135122
0.00134588
0.00134055
0.00133524
0.00132995
0.00132469
0.00131944
0.00131422
0.00130902
0.00130383
0.00129867
0.00129353
0.00128841
0.00128331
0.00127823
0.00127317
0.00126813
0.00126311
0.0012581
0.00125312
0.00124816
0.00124322
0.0012383
0.0012334
0.00122851
0.00122365
0.0012188
0.00121398
0.00120917
0.00120439
0.00119962
0.00119487
0.00119014
0.00118543
0.00118073
0.00117606
0.0011714
0.00116676
0.00116214
0.00115754
0.00115296
0.0011484
0.00114385
0.00113932
0.00113481
0.00113032
0.00112584
0.00112138
0.00111694
0.00111252
0.00110812
0.00110373
0.00109936
0.00109501
0.00109067
0.00108636
0.00108205
0.00107777
0.0010735
0.00106925
0.00106502
0.0010608
0.0010566
0.00105242
0.00104825
0.0010441
0.00103997
0.00103585
0.00103175
0.00102767
0.0010236
0.00101955
0.00101551
0.00101149
0.00100748
0.0010035
0.000999523
0.000995566
0.000991624
0.000987698
0.000983788
0.000979893
0.000976013
0.000972149
0.0009683
0.000964467
0.000960648
0.000956845
0.000953057
0.000949284
0.000945525
0.000941782
0.000938053
0.00093434
0.00093064
0.000926956
0.000923286
0.00091963
0.00091599
0.000912363
0.000908751
0.000905153
0.00090157
0.000898
0.000894445
0.000890904
0.000887377
0.000883863
0.000880364
0.000876879
0.000873407
0.000869949
0.000866505
0.000863074
0.000859657
0.000856254
0.000852864
0.000849487
0.000846124
0.000842774
0.000839437
0.000836114
0.000832804
0.000829507
0.000826223
0.000822951
0.000819693
0.000816448
0.000813216
0.000809996
0.000806789
0.000803595
0.000800414
0.000797245
0.000794088
0.000790944
0.000787813
0.000784694
0.000781587
0.000778493
0.000775411
0.000772341
0.000769283
0.000766238
0.000763204
0.000760182
0.000757173
0.000754175
0.000751189
0.000748215
0.000745253
0.000742302
0.000739363
0.000736436
0.000733521
0.000730617
0.000727724
0.000724843
0.000721973
0.000719115
0.000716268
0.000713432
0.000710608
0.000707794
0.000704992
0.000702201
0.000699421
0.000696651
0.000693893
0.000691146
0.00068841
0.000685685
0.00068297
0.000680266
0.000677573
0.00067489
0.000672218
0.000669557
0.000666906
0.000664266
0.000661636
0.000659016
0.000656407
0.000653808
0.00065122
0.000648641
0.000646073
0.000643515
0.000640968
0.00063843
0.000635903
0.000633385
0.000630877
0.00062838
0.000625892
0.000623414
0.000620946
0.000618487
0.000616039
0.0006136
0.00061117
0.000608751
0.000606341
0.00060394
0.000601549
0.000599167
0.000596795
0.000594433
0.000592079
0.000589735
0.0005874
0.000585075
0.000582758
0.000580451
0.000578153
0.000575864
0.000573584
0.000571313
0.000569051
0.000566798
0.000564554
0.000562319
0.000560093
0.000557876
0.000555667
0.000553467
0.000551276
0.000549093
0.000546919
0.000544754
0.000542597
0.000540449
0.000538309
0.000536178
0.000534055
0.000531941
0.000529835
0.000527737
0.000525648
0.000523567
0.000521494
0.000519429
0.000517373
0.000515325
0.000513284
0.000511252
0.000509228
0.000507212
0.000505204
0.000503204
0.000501212
0.000499227
0.000497251
0.000495282
0.000493321
0.000491368
0.000489423
0.000487485
0.000485555
0.000483633
0.000481718
0.000479811
0.000477911
0.000476019
0.000474134
0.000472257
0.000470388
0.000468525
0.00046667
0.000464823
0.000462982
0.000461149
0.000459324
0.000457505
0.000455694
0.00045389
0.000452093
0.000450303
0.00044852
0.000446744
0.000444976
0.000443214
0.000441459
0.000439711
0.000437971
0.000436237
0.000434509
0.000432789
0.000431076
0.000429369
0.000427669
0.000425976
0.000424289
0.00042261
0.000420937
0.00041927
0.00041761
0.000415957
0.00041431
0.000412669
0.000411036
0.000409408
0.000407787
0.000406173
0.000404565
0.000402963
0.000401368
0.000399779
0.000398196
0.00039662
0.000395049
0.000393485
0.000391927
0.000390376
0.00038883
0.000387291
0.000385757
0.00038423
0.000382709
0.000381194
0.000379685
0.000378181
0.000376684
0.000375193
0.000373707
0.000372228
0.000370754
0.000369286
0.000367824
0.000366368
0.000364918
0.000363473
0.000362034
0.0003606
0.000359173
0.000357751
0.000356334
0.000354924
0.000353518
0.000352119
0.000350725
0.000349336
0.000347953
0.000346576
0.000345203
0.000343837
0.000342475
0.00034112
0.000339769
0.000338424
0.000337084
0.00033575
0.00033442
0.000333096
0.000331777
0.000330464
0.000329156
0.000327852
0.000326554
0.000325261
0.000323974
0.000322691
0.000321414
0.000320141
0.000318874
0.000317611
0.000316354
0.000315101
0.000313854
0.000312611
0.000311373
0.000310141
0.000308913
0.00030769
0.000306472
0.000305258
0.00030405
0.000302846
0.000301647
0.000300453
0.000299263
0.000298078
0.000296898
0.000295723
0.000294552
0.000293386
0.000292224
0.000291067
0.000289915
0.000288767
0.000287624
0.000286485
0.000285351
0.000284221
0.000283096
0.000281975
0.000280859
0.000279747
0.000278639
0.000277536
0.000276437
0.000275343
0.000274253
0.000273167
0.000272085
0.000271008
0.000269935
0.000268867
0.000267802
0.000266742
0.000265686
0.000264634
0.000263586
0.000262543
0.000261503
0.000260468
0.000259437
0.00025841
0.000257386
0.000256367
0.000255352
0.000254341
0.000253335
0.000252332
0.000251333
0.000250337
0.000249346
0.000248359
0.000247376
0.000246397
0.000245421
0.000244449
0.000243482
0.000242518
0.000241558
0.000240601
0.000239649
0.0002387
0.000237755
0.000236813
0.000235876
0.000234942
0.000234012
0.000233085
0.000232163
0.000231243
0.000230328
0.000229416
0.000228508
0.000227603
0.000226702
0.000225804
0.00022491
0.00022402
0.000223133
0.00022225
0.00022137
0.000220493
0.00021962
0.000218751
0.000217885
0.000217022
0.000216163
0.000215307
0.000214455
0.000213606
0.00021276
0.000211918
0.000211079
0.000210243
0.000209411
0.000208582
0.000207756
0.000206933
0.000206114
0.000205298
0.000204485
0.000203676
0.000202869
0.000202066
0.000201266
0.000200469
0.000199676
0.000198885
0.000198098
0.000197313
0.000196532
0.000195754
0.000194979
0.000194207
0.000193438
0.000192672
0.00019191
0.00019115
0.000190393
0.000189639
0.000188888
0.000188141
0.000187396
0.000186654
0.000185915
0.000185179
0.000184446
0.000183715
0.000182988
0.000182263
0.000181542
0.000180823
0.000180107
0.000179394
0.000178684
0.000177977
0.000177272
0.00017657
0.000175871
0.000175175
0.000174481
0.00017379
0.000173102
0.000172417
0.000171734
0.000171055
0.000170377
0.000169703
0.000169031
0.000168362
0.000167695
0.000167031
0.00016637
0.000165711
0.000165055
0.000164402
0.000163751
0.000163102
0.000162457
0.000161814
0.000161173
0.000160535
0.000159899
0.000159266
0.000158636
0.000158008
0.000157382
0.000156759
0.000156138
0.00015552
0.000154904
0.000154291
0.00015368
0.000153072
0.000152466
0.000151862
0.000151261
0.000150662
0.000150066
0.000149471
0.00014888
0.00014829
0.000147703
0.000147118
0.000146536
0.000145956
0.000145378
0.000144802
0.000144229
0.000143658
0.000143089
0.000142523
0.000141959
0.000141397
0.000140837
0.000140279
0.000139724
0.000139171
0.00013862
0.000138071
0.000137524
0.00013698
0.000136437
0.000135897
0.000135359
0.000134823
0.000134289
0.000133758
0.000133228
0.000132701
0.000132175
0.000131652
0.000131131
0.000130612
0.000130095
0.00012958
0.000129067
0.000128556
0.000128047
0.00012754
0.000127035
0.000126532
0.000126031
0.000125532
0.000125035
0.00012454
0.000124047
0.000123556
0.000123066
0.000122579
0.000122094
0.000121611
0.000121129
0.00012065
0.000120172
0.000119696
0.000119222
0.00011875
0.00011828
0.000117812
0.000117345
0.000116881
0.000116418
0.000115957
0.000115498
0.000115041
0.000114585
0.000114132
0.00011368
0.00011323
0.000112781
0.000112335
0.00011189
0.000111447
0.000111006
0.000110566
0.000110129
0.000109693
0.000109258
0.000108826
0.000108395
0.000107966
0.000107538
0.000107113
0.000106689
0.000106266
0.000105845
0.000105426
0.000105009
0.000104593
0.000104179
0.000103767
0.000103356
0.000102947
0.000102539
0.000102133
0.000101729
0.000101326
0.000100925
0.000100525
0.000100127
9.97309e-05
9.93361e-05
9.89428e-05
9.85511e-05
9.81609e-05
9.77723e-05
9.73852e-05
9.69996e-05
9.66156e-05
9.62331e-05
9.58521e-05
9.54726e-05
9.50946e-05
9.47182e-05
9.43431e-05
9.39696e-05
9.35976e-05
9.3227e-05
9.28579e-05
9.24903e-05
9.21241e-05
9.17594e-05
9.13961e-05
9.10343e-05
9.06739e-05
9.03149e-05
8.99573e-05
8.96011e-05
8.92464e-05
8.88931e-05
8.85411e-05
8.81906e-05
8.78414e-05
8.74937e-05
8.71473e-05
8.68022e-05
8.64586e-05
8.61163e-05
8.57753e-05
8.54357e-05
8.50975e-05
8.47606e-05
8.4425e-05
8.40908e-05
8.37578e-05
8.34262e-05
8.3096e-05
8.2767e-05
8.24393e-05
8.21129e-05
8.17878e-05
8.1464e-05
8.11415e-05
8.08202e-05
8.05003e-05
8.01816e-05
7.98641e-05
7.95479e-05
7.9233e-05
7.89193e-05
7.86068e-05
7.82956e-05
7.79857e-05
7.76769e-05
7.73694e-05
7.70631e-05
7.6758e-05
7.64541e-05
7.61514e-05
7.58499e-05
7.55496e-05
7.52505e-05
7.49526e-05
7.46558e-05
7.43602e-05
7.40658e-05
7.37726e-05
7.34805e-05
7.31896e-05
7.28998e-05
7.26112e-05
7.23237e-05
7.20374e-05
7.17522e-05
7.14681e-05
7.11852e-05
7.09033e-05
7.06226e-05
7.0343e-05
7.00645e-05
6.97872e-05
6.95109e-05
6.92357e-05
6.89616e-05
6.86885e-05
6.84166e-05
6.81457e-05
6.78759e-05
6.76072e-05
6.73395e-05
6.70729e-05
6.68074e-05
6.65429e-05
6.62794e-05
6.6017e-05
6.57557e-05
6.54953e-05
6.5236e-05
6.49778e-05
6.47205e-05
6.44642e-05
6.4209e-05
6.39548e-05
6.37016e-05
6.34494e-05
6.31982e-05
6.2948e-05
6.26988e-05
6.24506e-05
6.22033e-05
6.1957e-05
6.17118e-05
6.14674e-05
6.12241e-05
6.09817e-05
6.07403e-05
