0
0.0060098
0.00997319
0.0139246
0.0178601
0.0217797
0.0256835
0.0295714
0.0334437
0.0373004
0.0411415
0.044967
0.0487772
0.0525719
0.0563514
0.0601156
0.0638646
0.0675985
0.0713173
0.0750212
0.0787101
0.0823841
0.0860433
0.0896877
0.0933175
0.0969327
0.100533
0.104119
0.107691
0.111248
0.114791
0.11832
0.121834
0.125334
0.128821
0.132293
0.135751
0.139195
0.142625
0.146042
0.149445
0.152834
0.156209
0.159571
0.16292
0.166255
0.169576
0.172884
0.176179
0.179461
0.182729
0.185985
0.189227
0.192456
0.195672
0.198875
0.202066
0.205243
0.208408
0.21156
0.2147
0.217826
0.220941
0.224042
0.227132
0.230209
0.233273
0.236325
0.239365
0.242393
0.245409
0.248412
0.251404
0.254383
0.257351
0.260306
0.26325
0.266182
0.269102
0.272011
0.274908
0.277793
0.280667
0.283529
0.286379
0.289219
0.292046
0.294863
0.297668
0.300462
0.303245
0.306016
0.308777
0.311526
0.314265
0.316992
0.319709
0.322415
0.325109
0.327793
0.330467
0.333129
0.335781
0.338423
0.341053
0.343674
0.346283
0.348883
0.351471
0.35405
0.356618
0.359176
0.361724
0.364261
0.366789
0.369306
0.371813
0.37431
0.376797
0.379275
0.381742
0.384199
0.386647
0.389085
0.391513
0.393931
0.39634
0.398739
0.401128
0.403508
0.405879
0.40824
0.410591
0.412933
0.415266
0.417589
0.419904
0.422209
0.424504
0.426791
0.429068
0.431336
0.433596
0.435846
0.438087
0.440319
0.442543
0.444757
0.446963
0.44916
0.451348
0.453527
0.455698
0.45786
0.460013
0.462158
0.464294
0.466421
0.468541
0.470651
0.472754
0.474847
0.476933
0.47901
0.481079
0.48314
0.485192
0.487237
0.489273
0.491301
0.493321
0.495332
0.497336
0.499332
0.50132
0.5033
0.505272
0.507236
0.509192
0.511141
0.513082
0.515015
0.51694
0.518858
0.520768
0.52267
0.524565
0.526452
0.528332
0.530204
0.532069
0.533926
0.535776
0.537619
0.539454
0.541282
0.543103
0.544916
0.546722
0.548521
0.550313
0.552098
0.553876
0.555646
0.557409
0.559166
0.560915
0.562658
0.564393
0.566122
0.567843
0.569558
0.571266
0.572968
0.574662
0.57635
0.578031
0.579705
0.581373
0.583034
0.584688
0.586336
0.587977
0.589612
0.59124
0.592862
0.594477
0.596086
0.597688
0.599284
0.600874
0.602457
0.604034
0.605605
0.60717
0.608728
0.61028
0.611826
0.613366
0.6149
0.616427
0.617949
0.619464
0.620974
0.622477
0.623974
0.625466
0.626951
0.628431
0.629905
0.631373
0.632835
0.634291
0.635741
0.637186
0.638625
0.640058
0.641486
0.642907
0.644324
0.645734
0.647139
0.648538
0.649932
0.65132
0.652703
0.65408
0.655452
0.656818
0.658179
0.659535
0.660885
0.662229
0.663569
0.664903
0.666232
0.667555
0.668873
0.670186
0.671494
0.672796
0.674094
0.675386
0.676673
0.677955
0.679232
0.680504
0.68177
0.683032
0.684289
0.685541
0.686787
0.688029
0.689266
0.690498
0.691725
0.692947
0.694164
0.695377
0.696584
0.697787
0.698985
0.700179
0.701367
0.702551
0.70373
0.704905
0.706074
0.70724
0.7084
0.709556
0.710707
0.711854
0.712996
0.714134
0.715267
0.716396
0.71752
0.718639
0.719755
0.720865
0.721972
0.723074
0.724172
0.725265
0.726354
0.727438
0.728519
0.729595
0.730666
0.731734
0.732797
0.733856
0.734911
0.735962
0.737008
0.738051
0.739089
0.740123
0.741153
0.742179
0.7432
0.744218
0.745232
0.746242
0.747247
0.748249
0.749247
0.75024
0.75123
0.752216
0.753198
0.754176
0.75515
0.75612
0.757087
0.758049
0.759008
0.759963
0.760914
0.761862
0.762806
0.763745
0.764682
0.765614
0.766543
0.767468
0.768389
0.769307
0.770221
0.771132
0.772039
0.772942
0.773842
0.774738
0.775631
0.77652
0.777405
0.778287
0.779166
0.780041
0.780912
0.78178
0.782645
0.783506
0.784364
0.785218
0.786069
0.786917
0.787761
0.788602
0.789439
0.790274
0.791105
0.791932
0.792757
0.793578
0.794396
0.79521
0.796022
0.79683
0.797635
0.798437
0.799235
0.800031
0.800823
0.801612
0.802398
0.803181
0.803961
0.804737
0.805511
0.806281
0.807049
0.807813
0.808575
0.809333
0.810088
0.810841
0.81159
0.812337
0.81308
0.81382
0.814558
0.815293
0.816024
0.816753
0.817479
0.818202
0.818922
0.81964
0.820354
0.821066
0.821775
0.822481
0.823184
0.823884
0.824582
0.825277
0.825969
0.826658
0.827345
0.828029
0.82871
0.829389
0.830065
0.830738
0.831408
0.832076
0.832741
0.833404
0.834064
0.834721
0.835376
0.836028
0.836677
0.837324
0.837969
0.838611
0.83925
0.839887
0.840521
0.841152
0.841782
0.842408
0.843033
0.843654
0.844274
0.84489
0.845505
0.846117
0.846726
0.847333
0.847938
0.84854
0.84914
0.849738
0.850333
0.850926
0.851516
0.852104
0.85269
0.853274
0.853855
0.854434
0.85501
0.855584
0.856156
0.856726
0.857294
0.857859
0.858422
0.858983
0.859541
0.860097
0.860651
0.861203
0.861753
0.862301
0.862846
0.863389
0.86393
0.864469
0.865006
0.865541
0.866073
0.866604
0.867132
0.867658
0.868182
0.868704
0.869224
0.869742
0.870258
0.870772
0.871284
0.871794
0.872302
0.872807
0.873311
0.873813
0.874313
0.87481
0.875306
0.8758
0.876292
0.876782
0.87727
0.877756
0.87824
0.878722
0.879202
0.879681
0.880157
0.880632
0.881105
0.881576
0.882045
0.882512
0.882977
0.88344
0.883902
0.884362
0.88482
0.885276
0.88573
0.886183
0.886634
0.887082
0.88753
0.887975
0.888419
0.888861
0.889301
0.889739
0.890176
0.890611
0.891044
0.891475
0.891905
0.892333
0.89276
0.893184
0.893607
0.894029
0.894448
0.894866
0.895283
0.895697
0.89611
0.896522
0.896932
0.89734
0.897746
0.898151
0.898555
0.898956
0.899356
0.899755
0.900152
0.900547
0.900941
0.901333
0.901724
0.902113
0.902501
0.902887
0.903272
0.903655
0.904036
0.904416
0.904795
0.905172
0.905547
0.905921
0.906294
0.906665
0.907034
0.907403
0.907769
0.908135
0.908498
0.908861
0.909222
0.909581
0.909939
0.910296
0.910651
0.911005
0.911357
0.911708
0.912058
0.912406
0.912753
0.913098
0.913442
0.913785
0.914127
0.914467
0.914805
0.915143
0.915479
0.915813
0.916147
0.916479
0.91681
0.917139
0.917467
0.917794
0.918119
0.918444
0.918767
0.919088
0.919409
0.919728
0.920046
0.920362
0.920678
0.920992
0.921305
0.921616
0.921927
0.922236
0.922544
0.92285
0.923156
0.92346
0.923763
0.924065
0.924366
0.924665
0.924964
0.925261
0.925557
0.925852
0.926145
0.926438
0.926729
0.927019
0.927308
0.927596
0.927883
0.928168
0.928453
0.928736
0.929018
0.929299
0.929579
0.929858
0.930136
0.930412
0.930688
0.930962
0.931236
0.931508
0.931779
0.932049
0.932318
0.932586
0.932853
0.933119
0.933384
0.933648
0.93391
0.934172
0.934433
0.934692
0.934951
0.935208
0.935465
0.935721
0.935975
0.936229
0.936481
0.936733
0.936983
0.937233
0.937481
0.937729
0.937975
0.938221
0.938465
0.938709
0.938952
0.939193
0.939434
0.939674
0.939913
0.940151
0.940388
0.940624
0.940859
0.941093
0.941326
0.941559
0.94179
0.942021
0.94225
0.942479
0.942707
0.942933
0.943159
0.943384
0.943609
0.943832
0.944054
0.944276
0.944496
0.944716
0.944935
0.945153
0.94537
0.945587
0.945802
0.946017
0.94623
0.946443
0.946655
0.946867
0.947077
0.947287
0.947495
0.947703
0.94791
0.948116
0.948322
0.948527
0.94873
0.948933
0.949136
0.949337
0.949538
0.949737
0.949936
0.950135
0.950332
0.950529
0.950724
0.95092
0.951114
0.951307
0.9515
0.951692
0.951884
0.952074
0.952264
0.952453
0.952641
0.952829
0.953015
0.953201
0.953387
0.953571
0.953755
0.953938
0.954121
0.954302
0.954483
0.954663
0.954843
0.955022
0.9552
0.955377
0.955554
0.95573
0.955905
0.95608
0.956254
0.956427
0.956599
0.956771
0.956942
0.957113
0.957283
0.957452
0.95762
0.957788
0.957955
0.958122
0.958287
0.958453
0.958617
0.958781
0.958944
0.959107
0.959269
0.95943
0.95959
0.95975
0.95991
0.960069
0.960227
0.960384
0.960541
0.960697
0.960853
0.961008
0.961162
0.961316
0.961469
0.961622
0.961774
0.961925
0.962076
0.962226
0.962375
0.962524
0.962673
0.962821
0.962968
0.963114
0.96326
0.963406
0.963551
0.963695
0.963839
0.963982
0.964125
0.964267
0.964408
0.964549
0.96469
0.964829
0.964969
0.965107
0.965245
0.965383
0.96552
0.965657
0.965793
0.965928
0.966063
0.966197
0.966331
0.966464
0.966597
0.96673
0.966861
0.966992
0.967123
0.967253
0.967383
0.967512
0.967641
0.967769
0.967896
0.968024
0.96815
0.968276
0.968402
0.968527
0.968652
0.968776
0.968899
0.969023
0.969145
0.975277
0.979362
0.983435
0.987491
0.991531
0.995554
0.999562
1.00355
1.00753
1.01149
1.01543
1.01936
1.02327
1.02716
1.03104
1.03491
1.03876
1.04259
1.04641
1.05021
1.054
1.05777
1.06152
1.06527
1.06899
1.0727
1.0764
1.08008
1.08375
1.0874
1.09104
1.09466
1.09827
1.10186
1.10544
1.109
1.11255
1.11609
1.11961
1.12312
1.12661
1.13009
1.13356
1.13701
1.14044
1.14387
1.14728
1.15067
1.15406
1.15743
1.16078
1.16412
1.16745
1.17077
1.17407
1.17736
1.18063
1.1839
1.18714
1.19038
1.1936
1.19681
1.20001
1.2032
1.20637
1.20953
1.21267
1.21581
1.21893
1.22204
1.22513
1.22822
1.23129
1.23435
1.23739
1.24043
1.24345
1.24646
1.24946
1.25244
1.25542
1.25838
1.26133
1.26427
1.2672
1.27011
1.27301
1.27591
1.27879
1.28165
1.28451
1.28736
1.29019
1.29301
1.29583
1.29863
1.30142
1.30419
1.30696
1.30972
1.31246
1.31519
1.31792
1.32063
1.32333
1.32602
1.3287
1.33137
1.33403
1.33667
1.33931
1.34194
1.34455
1.34716
1.34975
1.35234
1.35491
1.35748
1.36003
1.36257
1.36511
1.36763
1.37014
1.37265
1.37514
1.37762
1.3801
1.38256
1.38501
1.38746
1.38989
1.39231
1.39473
1.39713
1.39953
1.40191
1.40429
1.40666
1.40901
1.41136
1.4137
1.41603
1.41835
1.42066
1.42296
1.42525
1.42754
1.42981
1.43207
1.43433
1.43658
1.43881
1.44104
1.44326
1.44547
1.44768
1.44987
1.45206
1.45423
1.4564
1.45856
1.46071
1.46285
1.46498
1.46711
1.46922
1.47133
1.47343
1.47552
1.4776
1.47968
1.48174
1.4838
1.48585
1.48789
1.48992
1.49195
1.49396
1.49597
1.49797
1.49997
1.50195
1.50393
1.5059
1.50786
1.50981
1.51176
1.5137
1.51563
1.51755
1.51946
1.52137
1.52327
1.52516
1.52705
1.52892
1.53079
1.53266
1.53451
1.53636
1.5382
1.54003
1.54186
1.54367
1.54548
1.54729
1.54908
1.55087
1.55266
1.55443
1.5562
1.55796
1.55971
1.56146
1.5632
1.56493
1.56666
1.56838
1.57009
1.5718
1.5735
1.57519
1.57687
1.57855
1.58022
1.58189
1.58355
1.5852
1.58685
1.58848
1.59012
1.59174
1.59336
1.59498
1.59658
1.59818
1.59978
1.60136
1.60294
1.60452
1.60609
1.60765
1.60921
1.61076
1.6123
1.61384
1.61537
1.6169
1.61841
1.61993
1.62144
1.62294
1.62443
1.62592
1.62741
1.62888
1.63035
1.63182
1.63328
1.63473
1.63618
1.63763
1.63906
1.64049
1.64192
1.64334
1.64475
1.64616
1.64757
1.64896
1.65036
1.65174
1.65312
1.6545
1.65587
1.65723
1.65859
1.65995
1.66129
1.66264
1.66397
1.66531
1.66663
1.66795
1.66927
1.67058
1.67189
1.67319
1.67448
1.67578
1.67706
1.67834
1.67962
1.68089
1.68215
1.68341
1.68467
1.68592
1.68716
1.6884
1.68964
1.69087
1.69209
1.69331
1.69453
1.69574
1.69695
1.69815
1.69934
1.70054
1.70172
1.70291
1.70408
1.70526
1.70642
1.70759
1.70875
1.7099
1.71105
1.7122
1.71334
1.71447
1.7156
1.71673
1.71785
1.71897
1.72009
1.7212
1.7223
1.7234
1.7245
1.72559
1.72668
1.72776
1.72884
1.72991
1.73098
1.73205
1.73311
1.73417
1.73522
1.73627
1.73732
1.73836
1.7394
1.74043
1.74146
1.74248
1.7435
1.74452
1.74553
1.74654
1.74754
1.74855
1.74954
1.75053
1.75152
1.75251
1.75349
1.75446
1.75544
1.75641
1.75737
1.75833
1.75929
1.76025
1.7612
1.76214
1.76308
1.76402
1.76496
1.76589
1.76682
1.76774
1.76866
1.76958
1.77049
1.7714
1.77231
1.77321
1.77411
1.775
1.77589
1.77678
1.77767
1.77855
1.77942
1.7803
1.78117
1.78204
1.7829
1.78376
1.78462
1.78547
1.78632
1.78717
1.78801
1.78885
1.78969
1.79052
1.79135
1.79218
1.793
1.79382
1.79464
1.79545
1.79626
1.79707
1.79787
1.79867
1.79947
1.80026
1.80105
1.80184
1.80263
1.80341
1.80419
1.80496
1.80574
1.80651
1.80727
1.80804
1.8088
1.80955
1.81031
1.81106
1.81181
1.81255
1.8133
1.81404
1.81477
1.81551
1.81624
1.81697
1.81769
1.81841
1.81913
1.81985
1.82056
1.82127
1.82198
1.82269
1.82339
1.82409
1.82478
1.82548
1.82617
1.82686
1.82754
1.82823
1.82891
1.82959
1.83026
1.83093
1.8316
1.83227
1.83293
1.8336
1.83425
1.83491
1.83557
1.83622
1.83687
1.83751
1.83816
1.8388
1.83943
1.84007
1.8407
1.84134
1.84196
1.84259
1.84321
1.84383
1.84445
1.84507
1.84568
1.84629
1.8469
1.84751
1.84811
1.84871
1.84931
1.84991
1.85051
1.8511
1.85169
1.85227
1.85286
1.85344
1.85402
1.8546
1.85518
1.85575
1.85632
1.85689
1.85746
1.85802
1.85858
1.85914
1.8597
1.86026
1.86081
1.86136
1.86191
1.86246
1.863
1.86355
1.86409
1.86463
1.86516
1.8657
1.86623
1.86676
1.86728
1.86781
1.86833
1.86886
1.86937
1.86989
1.87041
1.87092
1.87143
1.87194
1.87245
1.87295
1.87346
1.87396
1.87446
1.87495
1.87545
1.87594
1.87643
1.87692
1.87741
1.8779
1.87838
1.87886
1.87934
1.87982
1.88029
1.88077
1.88124
1.88171
1.88218
1.88265
1.88311
1.88357
1.88403
1.88449
1.88495
1.88541
1.88586
1.88631
1.88676
1.88721
1.88766
1.8881
1.88855
1.88899
1.88943
1.88987
1.8903
1.89074
1.89117
1.8916
1.89203
1.89246
1.89288
1.89331
1.89373
1.89415
1.89457
1.89499
1.8954
1.89582
1.89623
1.89664
1.89705
1.89746
1.89786
1.89827
1.89867
1.89907
1.89947
1.89987
1.90027
1.90066
1.90105
1.90145
1.90184
1.90222
1.90261
1.903
1.90338
1.90376
1.90415
1.90453
1.9049
1.90528
1.90565
1.90603
1.9064
1.90677
1.90714
1.90751
1.90787
1.90824
1.9086
1.90896
1.90932
1.90968
1.91004
1.9104
1.91075
1.91111
1.91146
1.91181
1.91216
1.91251
1.91285
1.9132
1.91354
1.91388
1.91422
1.91456
1.9149
1.91524
1.91557
1.91591
1.91624
1.91657
1.9169
1.91723
1.91756
1.91789
1.91821
1.91854
1.91886
1.91918
1.9195
1.91982
1.92014
1.92045
1.92077
1.92108
1.92139
1.9217
1.92201
1.92232
1.92263
1.92294
1.92324
1.92355
1.92385
1.92415
1.92445
1.92475
1.92505
1.92535
1.92564
1.92594
1.92623
1.92652
1.92681
1.9271
1.92739
1.92768
1.92796
1.92825
1.92853
1.92882
1.9291
1.92938
1.92966
1.92994
1.93021
1.93049
1.93077
1.93104
1.93131
1.93159
1.93186
1.93213
1.93239
1.93266
1.93293
1.93319
1.93346
1.93372
1.93399
1.93425
1.93451
1.93477
1.93502
1.93528
1.93554
1.93579
1.93605
1.9363
1.93655
1.9368
1.93705
1.9373
1.93755
1.9378
1.93805
1.93829
1.93854
1.93878
1.93902
1.93926
1.9395
1.93974
1.93998
1.94022
1.94046
1.94069
1.94093
1.94116
1.94139
1.94162
1.94186
1.94209
1.94232
1.94254
1.94277
1.943
1.94322
1.94345
1.94367
1.9439
1.94412
1.94434
1.94456
1.94478
1.945
1.94522
1.94543
1.94565
1.94586
1.94608
1.94629
1.9465
1.94672
1.94693
1.94714
1.94735
1.94755
1.94776
1.94797
1.94818
1.94838
1.94858
1.94879
1.94899
1.94919
1.94939
1.94959
1.94979
1.94999
1.95019
1.95039
1.95058
1.95078
1.95098
1.95117
1.95136
1.95156
1.95175
1.95194
1.95213
1.95232
1.95251
1.95269
1.95288
1.95307
1.95325
1.95344
1.95362
1.95381
1.95399
1.95417
1.95435
1.95453
1.95471
1.95489
1.95507
1.95525
1.95543
1.9556
1.95578
1.95595
1.95613
1.9563
1.95648
1.95665
1.95682
1.95699
1.95716
1.95733
1.9575
1.95767
1.95784
1.958
1.95817
1.95833
1.9585
1.95866
1.95883
1.95899
1.95915
1.95931
1.95948
1.95964
1.9598
1.95995
1.96011
1.96027
1.96043
1.96059
1.96074
1.9609
1.96105
1.96121
1.96136
1.96151
1.96166
1.96182
1.96197
1.96212
1.96227
1.96242
1.96257
1.96271
1.96286
1.96301
1.96316
1.9633
1.96345
1.96359
1.96374
1.96388
1.96402
1.96416
1.96431
1.96445
1.96459
1.96473
1.96487
1.96501
1.96515
1.96528
1.96542
1.96556
1.9657
1.96583
1.96597
1.9661
1.96624
1.96637
1.9665
1.96663
1.96677
1.9669
1.96703
1.96716
1.96729
1.96742
1.96755
1.96768
1.96781
1.96793
1.96806
1.96819
1.96831
1.96844
1.96856
1.96869
1.96881
1.96893
1.96906
1.96918
1.9693
1.96942
1.96954
1.96967
1.96979
1.96991
1.97002
1.97014
1.97026
1.97038
1.9705
1.97061
1.97073
1.97085
1.97096
1.97108
1.97119
1.9713
1.97142
1.97153
1.97164
1.97176
1.97187
1.97198
1.97209
1.9722
1.97231
1.97242
1.97253
1.97264
1.97275
1.97285
1.97296
1.97307
1.97318
1.97328
1.97339
1.97349
1.9736
1.9737
1.97381
1.97391
1.97401
1.97412
1.97422
1.97432
1.97442
1.97452
1.97463
1.97473
1.97483
1.97493
1.97502
1.97512
1.97522
1.97532
1.97542
1.97552
1.97561
1.97571
1.9758
1.9759
1.976
1.97609
1.97619
1.97628
1.97637
1.97647
1.97656
1.97665
1.97675
1.97684
1.97693
1.97702
1.97711
1.9772
1.97729
1.97738
1.97747
1.97756
1.97765
1.97774
1.97783
1.97791
1.978
1.97809
1.97818
1.97826
1.97835
1.97843
1.97852
1.9786
1.97869
1.97877
1.97886
1.97894
1.97902
1.97911
1.97919
1.97927
1.97935
1.97944
1.97952
1.9796
1.97968
1.97976
1.97984
1.97992
1.98
1.98008
1.98016
1.98024
1.98031
1.98039
1.98047
1.98055
1.98062
1.9807
1.98078
1.98085
1.98093
1.98101
1.98108
1.98116
1.98123
1.9813
1.98138
1.98145
1.98153
1.9816
1.98167
1.98174
1.98182
1.98189
1.98196
1.98203
1.9821
1.98217
1.98224
1.98231
1.98238
1.98245
1.98252
1.98259
1.98266
1.98273
1.9828
1.98287
1.98293
1.983
1.98307
1.98314
1.9832
1.98327
1.98334
1.9834
1.98347
1.98353
1.9836
1.98366
1.98373
1.98379
1.98386
1.98392
1.98398
1.98405
1.98411
1.98417
1.98424
1.9843
1.98436
1.98442
1.98448
1.98455
1.98461
1.98467
1.98473
1.98479
1.98485
1.98491
1.98497
1.98503
1.98509
1.98515
1.98521
1.98526
1.98532
1.98538
1.98544
1.9855
1.98555
1.98561
1.98567
1.98572
1.98578
1.98584
1.98589
1.98595
1.986
1.98606
1.98612
1.98617
1.98623
1.98628
1.98633
1.98639
1.98644
1.9865
1.98655
1.9866
1.98666
1.98671
1.98676
1.98681
1.98687
1.98692
1.98697
1.98702
1.98707
1.98712
1.98717
1.98723
1.98728
1.98733
1.98738
1.98743
1.98748
1.98753
1.98758
1.98762
1.98767
1.98772
1.98777
1.98782
1.98787
1.98792
1.98796
1.98801
1.98806
1.98811
1.98815
1.9882
1.98825
1.98829
1.98834
1.98839
1.98843
1.98848
1.98852
1.98857
1.98861
1.98866
1.9887
1.98875
1.98879
1.98884
1.98888
1.98893
1.98897
1.98901
1.98906
1.9891
1.98914
1.98919
1.98923
1.98927
1.98931
1.98936
1.9894
1.98944
1.98948
1.98952
1.98957
1.98961
1.98965
1.98969
1.98973
1.98977
1.98981
1.98985
1.98989
1.98993
1.98997
1.99001
1.99005
1.99009
1.99013
1.99017
1.99021
1.99025
1.99028
1.99032
1.99036
1.9904
1.99044
1.99048
1.99051
1.99055
1.99059
1.99063
1.99066
1.9907
1.99074
1.99077
1.99081
1.99085
1.99088
1.99092
1.99095
1.99099
1.99103
1.99106
1.9911
1.99113
1.99117
1.9912
1.99124
1.99127
1.99131
1.99134
1.99137
1.99141
1.99144
1.99148
1.99151
1.99154
1.99158
1.99161
1.99164
1.99168
1.99171
1.99174
1.99178
1.99181
1.99184
1.99187
1.9919
1.99194
1.99197
1.992
1.99203
1.99206
1.9921
1.99213
1.99216
1.99219
1.99222
1.99225
1.99228
1.99231
1.99234
1.99237
1.9924
1.99243
1.99246
1.99249
1.99252
1.99255
1.99258
1.99261
1.99264
1.99267
1.9927
1.99273
1.99276
1.99278
1.99281
1.99284
1.99287
1.9929
1.99293
1.99295
1.99298
1.99301
1.99304
1.99306
1.99309
1.99312
1.99315
1.99317
1.9932
1.99323
1.99326
1.99328
1.99331
1.99333
1.99336
1.99339
1.99341
1.99344
1.99347
1.99349
1.99352
1.99354
1.99357
1.99359
1.99362
1.99364
1.99367
1.99369
1.99372
1.99374
1.99377
1.99379
1.99382
1.99384
1.99387
1.99389
1.99392
1.99394
1.99396
1.99399
1.99401
1.99404
1.99406
1.99408
1.99411
1.99413
1.99415
1.99418
1.9942
1.99422
1.99424
1.99427
1.99429
1.99431
1.99434
1.99436
1.99438
1.9944
1.99442
1.99445
1.99447
1.99449
1.99451
1.99453
1.99456
1.99458
1.9946
1.99462
1.99464
1.99466
1.99468
1.9947
1.99473
1.99475
1.99477
1.99479
1.99481
1.99483
1.99485
1.99487
1.99489
1.99491
1.99493
1.99495
1.99497
1.99499
1.99501
1.99503
1.99505
1.99507
1.99509
1.99511
1.99513
1.99515
1.99517
1.99519
1.9952
1.99522
1.99524
1.99526
1.99528
1.9953
1.99532
1.99534
1.99535
1.99537
1.99539
1.99541
1.99543
1.99545
1.99546
1.99548
1.9955
1.99552
1.99554
1.99555
1.99557
1.99559
1.99561
1.99562
1.99564
1.99566
1.99567
1.99569
1.99571
1.99573
1.99574
1.99576
1.99578
1.99579
1.99581
1.99583
1.99584
1.99586
1.99588
1.99589
1.99591
1.99592
1.99594
1.98394
1.97603
1.96814
1.96028
1.95246
1.94467
1.93691
1.92918
1.92148
1.91382
1.90618
1.89858
1.891
1.88346
1.87594
1.86846
1.86101
1.85359
1.84619
1.83883
1.8315
1.82419
1.81692
1.80967
1.80246
1.79527
1.78811
1.78099
1.77389
1.76681
1.75977
1.75276
1.74577
1.73881
1.73188
1.72498
1.7181
1.71126
1.70444
1.69765
1.69088
1.68414
1.67743
1.67075
1.6641
1.65747
1.65086
1.64429
1.63774
1.63121
1.62472
1.61824
1.6118
1.60538
1.59899
1.59262
1.58628
1.57996
1.57367
1.5674
1.56116
1.55494
1.54875
1.54259
1.53645
1.53033
1.52424
1.51817
1.51213
1.50611
1.50011
1.49414
1.4882
1.48227
1.47637
1.4705
1.46465
1.45882
1.45301
1.44723
1.44147
1.43574
1.43002
1.42433
1.41867
1.41302
1.4074
1.4018
1.39622
1.39067
1.38514
1.37963
1.37414
1.36867
1.36323
1.35781
1.35241
1.34703
1.34167
1.33634
1.33102
1.32573
1.32046
1.31521
1.30998
1.30477
1.29958
1.29441
1.28927
1.28414
1.27903
1.27395
1.26888
1.26384
1.25882
1.25381
1.24883
1.24386
1.23892
1.23399
1.22909
1.2242
1.21934
1.21449
1.20967
1.20486
1.20007
1.1953
1.19055
1.18582
1.18111
1.17641
1.17174
1.16708
1.16245
1.15783
1.15323
1.14864
1.14408
1.13953
1.13501
1.1305
1.12601
1.12153
1.11708
1.11264
1.10822
1.10382
1.09943
1.09507
1.09072
1.08638
1.08207
1.07777
1.07349
1.06923
1.06498
1.06075
1.05654
1.05234
1.04816
1.044
1.03985
1.03572
1.03161
1.02751
1.02343
1.01937
1.01532
1.01129
1.00728
1.00328
0.999293
0.995325
0.991373
0.987437
0.983517
0.979612
0.975723
0.971849
0.967991
0.964148
0.960321
0.956508
0.952711
0.948929
0.945163
0.941411
0.937674
0.933952
0.930245
0.926552
0.922875
0.919212
0.915563
0.911929
0.90831
0.904705
0.901114
0.897538
0.893976
0.890428
0.886894
0.883374
0.879869
0.876377
0.872899
0.869435
0.865985
0.862549
0.859126
0.855717
0.852321
0.848939
0.845571
0.842216
0.838874
0.835545
0.83223
0.828928
0.825639
0.822363
0.819101
0.815851
0.812614
0.80939
0.806179
0.802981
0.799795
0.796622
0.793462
0.790314
0.787179
0.784056
0.780946
0.777848
0.774763
0.771689
0.768628
0.765579
0.762542
0.759518
0.756505
0.753504
0.750516
0.747539
0.744574
0.741621
0.738679
0.735749
0.732831
0.729925
0.72703
0.724146
0.721274
0.718414
0.715565
0.712727
0.7099
0.707085
0.704281
0.701488
0.698706
0.695935
0.693175
0.690426
0.687688
0.684961
0.682245
0.67954
0.676845
0.674161
0.671488
0.668825
0.666173
0.663532
0.660901
0.65828
0.65567
0.65307
0.650481
0.647902
0.645333
0.642774
0.640226
0.637687
0.635159
0.632641
0.630132
0.627634
0.625146
0.622667
0.620199
0.61774
0.615291
0.612852
0.610422
0.608002
0.605592
0.603191
0.6008
0.598418
0.596046
0.593683
0.591329
0.588985
0.58665
0.584325
0.582009
0.579701
0.577403
0.575115
0.572835
0.570564
0.568303
0.56605
0.563806
0.561571
0.559345
0.557128
0.55492
0.55272
0.55053
0.548347
0.546174
0.544009
0.541853
0.539705
0.537566
0.535436
0.533313
0.5312
0.529094
0.526997
0.524909
0.522828
0.520756
0.518692
0.516637
0.514589
0.51255
0.510518
0.508495
0.50648
0.504473
0.502473
0.500482
0.498499
0.496523
0.494555
0.492595
0.490643
0.488699
0.486762
0.484833
0.482912
0.480998
0.479092
0.477194
0.475303
0.473419
0.471543
0.469675
0.467813
0.46596
0.464113
0.462274
0.460442
0.458618
0.4568
0.45499
0.453188
0.451392
0.449603
0.447822
0.446047
0.44428
0.442519
0.440766
0.43902
0.43728
0.435547
0.433822
0.432103
0.430391
0.428685
0.426987
0.425295
0.42361
0.421932
0.42026
0.418595
0.416936
0.415284
0.413639
0.412
0.410368
0.408742
0.407122
0.405509
0.403903
0.402303
0.400709
0.399121
0.39754
0.395965
0.394396
0.392834
0.391277
0.389727
0.388183
0.386645
0.385113
0.383588
0.382068
0.380554
0.379047
0.377545
0.376049
0.37456
0.373076
0.371598
0.370126
0.368659
0.367199
0.365744
0.364295
0.362852
0.361415
0.359983
0.358557
0.357137
0.355722
0.354313
0.352909
0.351511
0.350119
0.348732
0.34735
0.345974
0.344604
0.343239
0.341879
0.340525
0.339176
0.337832
0.336494
0.335161
0.333833
0.332511
0.331194
0.329882
0.328575
0.327274
0.325977
0.324686
0.3234
0.322119
0.320843
0.319572
0.318306
0.317045
0.31579
0.314539
0.313293
0.312052
0.310816
0.309585
0.308358
0.307137
0.30592
0.304709
0.303502
0.3023
0.301102
0.29991
0.298722
0.297538
0.29636
0.295186
0.294017
0.292852
0.291692
0.290537
0.289386
0.28824
0.287099
0.285961
0.284829
0.283701
0.282577
0.281458
0.280343
0.279233
0.278127
0.277025
0.275928
0.274835
0.273746
0.272662
0.271582
0.270507
0.269435
0.268368
0.267305
0.266247
0.265192
0.264142
0.263096
0.262054
0.261016
0.259982
0.258952
0.257927
0.256905
0.255888
0.254874
0.253865
0.252859
0.251858
0.250861
0.249867
0.248877
0.247892
0.24691
0.245932
0.244958
0.243988
0.243022
0.242059
0.241101
0.240146
0.239195
0.238247
0.237304
0.236364
0.235428
0.234496
0.233567
0.232642
0.231721
0.230803
0.229889
0.228978
0.228072
0.227168
0.226269
0.225373
0.22448
0.223591
0.222706
0.221824
0.220945
0.22007
0.219199
0.218331
0.217466
0.216605
0.215747
0.214893
0.214042
0.213194
0.21235
0.211509
0.210671
0.209837
0.209006
0.208178
0.207354
0.206533
0.205715
0.2049
0.204089
0.20328
0.202475
0.201674
0.200875
0.200079
0.199287
0.198498
0.197712
0.196929
0.196149
0.195372
0.194599
0.193828
0.19306
0.192296
0.191534
0.190776
0.190021
0.189268
0.188519
0.187772
0.187028
0.186288
0.18555
0.184815
0.184084
0.183355
0.182628
0.181905
0.181185
0.180467
0.179753
0.179041
0.178332
0.177626
0.176923
0.176222
0.175524
0.174829
0.174137
0.173447
0.17276
0.172076
0.171395
0.170716
0.17004
0.169367
0.168696
0.168028
0.167363
0.1667
0.16604
0.165382
0.164728
0.164075
0.163426
0.162778
0.162134
0.161492
0.160852
0.160215
0.159581
0.158949
0.15832
0.157693
0.157068
0.156446
0.155827
0.15521
0.154595
0.153983
0.153373
0.152766
0.152161
0.151559
0.150959
0.150361
0.149765
0.149172
0.148582
0.147993
0.147407
0.146824
0.146242
0.145663
0.145086
0.144512
0.14394
0.14337
0.142802
0.142237
0.141673
0.141112
0.140554
0.139997
0.139443
0.138891
0.138341
0.137793
0.137247
0.136704
0.136163
0.135623
0.135086
0.134551
0.134019
0.133488
0.132959
0.132433
0.131909
0.131386
0.130866
0.130348
0.129832
0.129318
0.128806
0.128296
0.127788
0.127282
0.126778
0.126276
0.125776
0.125278
0.124782
0.124288
0.123795
0.123305
0.122817
0.122331
0.121846
0.121364
0.120883
0.120405
0.119928
0.119453
0.11898
0.118509
0.11804
0.117572
0.117107
0.116643
0.116181
0.115721
0.115263
0.114807
0.114352
0.113899
0.113448
0.112999
0.112552
0.112106
0.111662
0.11122
0.11078
0.110341
0.109904
0.109469
0.109036
0.108604
0.108174
0.107746
0.107319
0.106894
0.106471
0.106049
0.105629
0.105211
0.104794
0.10438
0.103966
0.103555
0.103145
0.102736
0.102329
0.101924
0.101521
0.101119
0.100718
0.10032
0.0999224
0.0995267
0.0991327
0.0987402
0.0983492
0.0979598
0.0975719
0.0971856
0.0968008
0.0964175
0.0960358
0.0956555
0.0952768
0.0948996
0.0945238
0.0941496
0.0937768
0.0934055
0.0930357
0.0926673
0.0923004
0.0919349
0.0915709
0.0912084
0.0908472
0.0904875
0.0901293
0.0897724
0.089417
0.0890629
0.0887103
0.0883591
0.0880092
0.0876607
0.0873137
0.086968
0.0866236
0.0862806
0.085939
0.0855988
0.0852598
0.0849223
0.084586
0.0842511
0.0839176
0.0835853
0.0832544
0.0829247
0.0825964
0.0822694
0.0819436
0.0816192
0.081296
0.0809742
0.0806535
0.0803342
0.0800161
0.0796993
0.0793838
0.0790695
0.0787564
0.0784446
0.078134
0.0778247
0.0775165
0.0772096
0.0769039
0.0765994
0.0762961
0.0759941
0.0756932
0.0753935
0.075095
0.0747976
0.0745015
0.0742065
0.0739127
0.0736201
0.0733286
0.0730383
0.0727491
0.0724611
0.0721742
0.0718884
0.0716038
0.0713203
0.0710379
0.0707566
0.0704765
0.0701974
0.0699195
0.0696427
0.0693669
0.0690923
0.0688187
0.0685463
0.0682749
0.0680046
0.0677353
0.0674671
0.0672
0.0669339
0.0666689
0.066405
0.0661421
0.0658802
0.0656193
0.0653595
0.0651008
0.064843
0.0645863
0.0643306
0.0640759
0.0638222
0.0635695
0.0633178
0.0630671
0.0628174
0.0625687
0.062321
0.0620742
0.0618285
0.0615837
0.0613399
0.061097
0.0608551
0.0606142
0.0603742
0.0601351
0.059897
0.0596599
0.0594237
0.0591884
0.0589541
0.0587207
0.0584882
0.0582566
0.058026
0.0577962
0.0575674
0.0573395
0.0571124
0.0568863
0.0566611
0.0564368
0.0562133
0.0559908
0.0557691
0.0555483
0.0553283
0.0551093
0.0548911
0.0546738
0.0544573
0.0542417
0.0540269
0.053813
0.0536
0.0533878
0.0531764
0.0529658
0.0527561
0.0525473
0.0523392
0.052132
0.0519256
0.05172
0.0515152
0.0513113
0.0511081
0.0509058
0.0507042
0.0505035
0.0503035
0.0501044
0.049906
0.0497084
0.0495116
0.0493156
0.0491203
0.0489259
0.0487321
0.0485392
0.048347
0.0481556
0.047965
0.047775
0.0475859
0.0473975
0.0472098
0.0470229
0.0468368
0.0466513
0.0464666
0.0462826
0.0460994
0.0459169
0.0457351
0.045554
0.0453737
0.045194
0.0450151
0.0448369
0.0446593
0.0444825
0.0443064
0.044131
0.0439563
0.0437822
0.0436089
0.0434362
0.0432643
0.043093
0.0429224
0.0427524
0.0425832
0.0424146
0.0422466
0.0420794
0.0419128
0.0417468
0.0415816
0.0414169
0.041253
0.0410896
0.0409269
0.0407649
0.0406035
0.0404428
0.0402826
0.0401231
0.0399643
0.0398061
0.0396485
0.0394915
0.0393351
0.0391794
0.0390243
0.0388698
0.0387159
0.0385626
0.0384099
0.0382579
0.0381064
0.0379555
0.0378053
0.0376556
0.0375065
0.037358
0.0372101
0.0370628
0.036916
0.0367699
0.0366243
0.0364793
0.0363349
0.036191
0.0360477
0.035905
0.0357629
0.0356213
0.0354802
0.0353398
0.0351998
0.0350605
0.0349217
0.0347834
0.0346457
0.0345085
0.0343719
0.0342358
0.0341003
0.0339653
0.0338308
0.0336968
0.0335634
0.0334306
0.0332982
0.0331664
0.0330351
0.0329043
0.032774
0.0326442
0.032515
0.0323863
0.032258
0.0321303
0.0320031
0.0318764
0.0317502
0.0316245
0.0314993
0.0313746
0.0312504
0.0311266
0.0310034
0.0308807
0.0307584
0.0306366
0.0305153
0.0303945
0.0302742
0.0301543
0.0300349
0.029916
0.0297976
0.0296796
0.0295621
0.0294451
0.0293285
0.0292124
0.0290967
0.0289815
0.0288668
0.0287525
0.0286386
0.0285253
0.0284123
0.0282998
0.0281878
0.0280762
0.027965
0.0278543
0.027744
0.0276342
0.0275248
0.0274158
0.0273073
0.0271992
0.0270915
0.0269842
0.0268774
0.026771
0.026665
0.0265594
0.0264543
0.0263495
0.0262452
0.0261413
0.0260378
0.0259347
0.025832
0.0257298
0.0256279
0.0255264
0.0254254
0.0253247
0.0252244
0.0251246
0.0250251
0.024926
0.0248273
0.024729
0.0246311
0.0245336
0.0244365
0.0243397
0.0242434
0.0241474
0.0240518
0.0239566
0.0238617
0.0237672
0.0236731
0.0235794
0.0234861
0.0233931
0.0233005
0.0232082
0.0231163
0.0230248
0.0229337
0.0228429
0.0227524
0.0226623
0.0225726
0.0224832
0.0223942
0.0223056
0.0222173
0.0221293
0.0220417
0.0219544
0.0218675
0.0217809
0.0216947
0.0216088
0.0215232
0.021438
0.0213532
0.0212686
0.0211844
0.0211005
0.021017
0.0209338
0.0208509
0.0207684
0.0206861
0.0206042
0.0205227
0.0204414
0.0203605
0.0202799
0.0201996
0.0201196
0.02004
0.0199606
0.0198816
0.0198029
0.0197245
0.0196464
0.0195686
0.0194911
0.019414
0.0193371
0.0192605
0.0191843
0.0191083
0.0190327
0.0189573
0.0188823
0.0188075
0.0187331
0.0186589
0.018585
0.0185114
0.0184381
0.0183651
0.0182924
0.01822
0.0181479
0.018076
0.0180045
0.0179332
0.0178622
0.0177915
0.017721
0.0176509
0.017581
0.0175114
0.017442
0.017373
0.0173042
0.0172357
0.0171675
0.0170995
0.0170318
0.0169644
0.0168972
0.0168303
0.0167637
0.0166973
0.0166312
0.0165653
0.0164998
0.0164344
0.0163694
0.0163046
0.01624
0.0161757
0.0161117
0.0160479
0.0159843
0.0159211
0.015858
0.0157952
0.0157327
0.0156704
0.0156084
0.0155466
0.015485
0.0154237
0.0153627
0.0153018
0.0152413
0.0151809
0.0151208
0.015061
0.0150013
0.0149419
0.0148828
0.0148239
0.0147652
0.0147067
0.0146485
0.0145905
0.0145327
0.0144752
0.0144179
0.0143608
0.0143039
0.0142473
0.0141909
0.0141347
0.0140788
0.014023
0.0139675
0.0139122
0.0138571
0.0138023
0.0137476
0.0136932
0.013639
0.013585
0.0135312
0.0134776
0.0134243
0.0133711
0.0133182
0.0132654
0.0132129
0.0131606
0.0131085
0.0130566
0.0130049
0.0129534
0.0129021
0.0128511
0.0128002
0.0127495
0.012699
0.0126488
0.0125987
0.0125488
0.0124991
0.0124496
0.0124003
0.0123512
0.0123023
0.0122536
0.0122051
0.0121568
0.0121087
0.0120607
0.012013
0.0119654
0.0119181
0.0118709
0.0118239
0.0117771
0.0117304
0.011684
0.0116377
0.0115917
0.0115458
0.0115001
0.0114545
0.0114092
0.011364
0.011319
0.0112742
0.0112296
0.0111851
0.0111408
0.0110967
0.0110528
0.011009
0.0109654
0.010922
0.0108788
0.0108357
0.0107928
0.0107501
0.0107075
0.0106651
0.0106229
0.0105808
0.010539
0.0104972
0.0104557
0.0104143
0.010373
0.010332
0.0102911
0.0102503
0.0102097
0.0101693
0.0101291
0.010089
0.010049
0.0100092
0.0099696
0.00993013
0.00989082
0.00985166
0.00981265
0.0097738
0.00973511
0.00969657
0.00965818
0.00961994
0.00958185
0.00954392
0.00950613
0.0094685
0.00943101
0.00939367
0.00935648
0.00931944
0.00928254
0.00924579
0.00920918
0.00917272
0.00913641
0.00910024
0.00906421
0.00902832
0.00899258
0.00895698
0.00892151
0.00888619
0.00885101
0.00881597
0.00878107
0.0087463
0.00871167
0.00867718
0.00864283
0.00860861
0.00857453
0.00854058
0.00850677
0.00847309
0.00843954
0.00840613
0.00837285
0.0083397
0.00830668
0.0082738
0.00824104
0.00820841
0.00817591
0.00814355
0.0081113
0.00807919
0.0080472
0.00801534
0.00798361
0.007952
0.00792052
0.00788916
0.00785793
0.00782682
0.00779583
0.00776497
0.00773422
0.0077036
0.0076731
0.00764272
0.00761247
0.00758233
0.00755231
0.00752241
0.00749263
0.00746296
0.00743342
0.00740399
0.00737467
0.00734548
0.00731639
0.00728743
0.00725858
0.00722984
0.00720122
0.0071727
0.00714431
0.00711602
0.00708785
0.00705979
0.00703184
0.007004
0.00697627
0.00694865
0.00692114
0.00689374
0.00686644
0.00683926
0.00681218
0.00678521
0.00675835
0.00673159
0.00670494
0.00667839
0.00665195
0.00662562
0.00659939
0.00657326
0.00654723
0.00652131
0.00649549
0.00646978
0.00644416
0.00641865
0.00639324
0.00636793
0.00634272
0.0063176
0.00629259
0.00626768
0.00624287
0.00621815
0.00619353
0.00616901
0.00614459
0.00612026
0.00609603
0.00607189
0.00604785
0.00602391
0.00600006
0.00597631
0.00595265
0.00592908
0.0059056
0.00588222
0.00585894
0.00583574
0.00581264
0.00578962
0.0057667
0.00574387
0.00572113
0.00569848
0.00567592
0.00565345
0.00563106
0.00560877
0.00558656
0.00556445
0.00554242
0.00552047
0.00549862
0.00547685
0.00545516
0.00543357
0.00541205
0.00539063
0.00536929
0.00534803
0.00532685
0.00530577
0.00528476
0.00526384
0.005243
0.00522224
0.00520156
0.00518097
0.00516046
0.00514003
0.00511968
0.00509941
0.00507922
0.00505911
0.00503908
0.00501913
0.00499926
0.00497947
0.00495975
0.00494012
0.00492056
0.00490108
0.00488167
0.00486235
0.0048431
0.00482392
0.00480482
0.0047858
0.00476685
0.00474798
0.00472918
0.00471046
0.00469181
0.00467324
0.00465473
0.00463631
0.00461795
0.00459967
0.00458146
0.00456332
0.00454525
0.00452726
0.00450933
0.00449148
0.0044737
0.00445599
0.00443834
0.00442077
0.00440327
0.00438584
0.00436847
0.00435118
0.00433395
0.00431679
0.0042997
0.00428268
0.00426572
0.00424883
0.00423201
0.00421526
0.00419857
0.00418195
0.00416539
0.0041489
0.00413247
0.00411611
0.00409982
0.00408358
0.00406742
0.00405131
0.00403527
0.0040193
0.00400338
0.00398753
0.00397175
0.00395602
0.00394036
0.00392476
0.00390922
0.00389375
0.00387833
0.00386297
0.00384768
0.00383245
0.00381727
0.00380216
0.00378711
0.00377211
0.00375718
0.00374231
0.00372749
0.00371273
0.00369803
0.00368339
0.00366881
0.00365428
0.00363982
0.00362541
0.00361105
0.00359676
0.00358252
0.00356833
0.0035542
0.00354013
0.00352612
0.00351216
0.00349825
0.0034844
0.00347061
0.00345687
0.00344318
0.00342955
0.00341597
0.00340245
0.00338898
0.00337556
0.00336219
0.00334888
0.00333563
0.00332242
0.00330927
0.00329616
0.00328311
0.00327012
0.00325717
0.00324427
0.00323143
0.00321864
0.00320589
0.0031932
0.00318056
0.00316797
0.00315542
0.00314293
0.00313049
0.00311809
0.00310575
0.00309345
0.00308121
0.00306901
0.00305686
0.00304475
0.0030327
0.00302069
0.00300873
0.00299682
0.00298496
0.00297314
0.00296137
0.00294964
0.00293797
0.00292633
0.00291475
0.00290321
0.00289171
0.00288027
0.00286886
0.0028575
0.00284619
0.00283492
0.0028237
0.00281252
0.00280138
0.00279029
0.00277925
0.00276824
0.00275728
0.00274637
0.00273549
0.00272466
0.00271388
0.00270313
0.00269243
0.00268177
0.00267115
0.00266058
0.00265004
0.00263955
0.0026291
0.00261869
0.00260833
0.002598
0.00258771
0.00257747
0.00256726
0.0025571
0.00254698
0.00253689
0.00252685
0.00251684
0.00250688
0.00249695
0.00248707
0.00247722
0.00246742
0.00245765
0.00244792
0.00243822
0.00242857
0.00241896
0.00240938
0.00239984
0.00239034
0.00238088
0.00237145
0.00236206
0.00235271
0.00234339
0.00233412
0.00232488
0.00231567
0.0023065
0.00229737
0.00228828
0.00227922
0.00227019
0.00226121
0.00225225
0.00224334
0.00223445
0.00222561
0.0022168
0.00220802
0.00219928
0.00219057
0.0021819
0.00217326
0.00216466
0.00215609
0.00214755
0.00213905
0.00213058
0.00212214
0.00211374
0.00210537
0.00209704
0.00208874
0.00208047
0.00207223
0.00206403
0.00205585
0.00204771
0.00203961
0.00203153
0.00202349
0.00201548
0.0020075
0.00199955
0.00199163
0.00198375
0.0019759
0.00196807
0.00196028
0.00195252
0.00194479
0.00193709
0.00192942
0.00192178
0.00191417
0.0019066
0.00189905
0.00189153
0.00188404
0.00187658
0.00186915
0.00186175
0.00185438
0.00184704
0.00183973
0.00183244
0.00182519
0.00181796
0.00181076
0.00180359
0.00179645
0.00178934
0.00178226
0.0017752
0.00176817
0.00176117
0.0017542
0.00174725
0.00174034
0.00173345
0.00172658
0.00171975
0.00171294
0.00170616
0.0016994
0.00169268
0.00168597
0.0016793
0.00167265
0.00166603
0.00165943
0.00165286
0.00164632
0.0016398
0.00163331
0.00162684
0.0016204
0.00161399
0.0016076
0.00160123
0.00159489
0.00158858
0.00158229
0.00157602
0.00156978
0.00156357
0.00155738
0.00155121
0.00154507
0.00153895
0.00153286
0.00152679
0.00152075
0.00151473
0.00150873
0.00150276
0.00149681
0.00149088
0.00148498
0.0014791
0.00147324
0.00146741
0.0014616
0.00145582
0.00145005
0.00144431
0.00143859
0.0014329
0.00142722
0.00142157
0.00141595
0.00141034
0.00140476
0.00139919
0.00139365
0.00138814
0.00138264
0.00137717
0.00137172
0.00136628
0.00136088
0.00135549
0.00135012
0.00134478
0.00133945
0.00133415
0.00132887
0.00132361
0.00131837
0.00131315
0.00130795
0.00130277
0.00129761
0.00129247
0.00128736
0.00128226
0.00127718
0.00127213
0.00126709
0.00126207
0.00125708
0.0012521
0.00124714
0.00124221
0.00123729
0.00123239
0.00122751
0.00122265
0.00121781
0.00121299
0.00120819
0.0012034
0.00119864
0.00119389
0.00118917
0.00118446
0.00117977
0.0011751
0.00117044
0.00116581
0.0011612
0.0011566
0.00115202
0.00114746
0.00114292
0.00113839
0.00113388
0.00112939
0.00112492
0.00112047
0.00111603
0.00111161
0.00110721
0.00110283
0.00109846
0.00109411
0.00108978
0.00108547
0.00108117
0.00107689
0.00107263
0.00106838
0.00106415
0.00105994
0.00105574
0.00105156
0.0010474
0.00104325
0.00103912
0.00103501
0.00103091
0.00102683
0.00102276
0.00101871
0.00101468
0.00101066
0.00100666
0.00100268
0.000998706
0.000994753
0.000990814
0.000986891
0.000982984
0.000979092
0.000975216
0.000971355
0.000967509
0.000963679
0.000959864
0.000956064
0.000952278
0.000948508
0.000944753
0.000941013
0.000937287
0.000933576
0.00092988
0.000926199
0.000922532
0.000918879
0.000915241
0.000911618
0.000908009
0.000904414
0.000900833
0.000897267
0.000893714
0.000890176
0.000886652
0.000883141
0.000879645
0.000876162
0.000872693
0.000869238
0.000865797
0.000862369
0.000858955
0.000855554
0.000852167
0.000848793
0.000845433
0.000842086
0.000838752
0.000835431
0.000832124
0.000828829
0.000825548
0.000822279
0.000819024
0.000815781
0.000812551
0.000809334
0.00080613
0.000802939
0.00079976
0.000796593
0.00079344
0.000790298
0.000787169
0.000784053
0.000780949
0.000777857
0.000774777
0.00077171
0.000768655
0.000765612
0.00076258
0.000759561
0.000756554
0.000753559
0.000750575
0.000747604
0.000744644
0.000741696
0.000738759
0.000735835
0.000732921
0.00073002
0.000727129
0.000724251
0.000721383
0.000718527
0.000715683
0.000712849
0.000710027
0.000707216
0.000704416
0.000701627
0.000698849
0.000696082
0.000693327
0.000690582
0.000687847
0.000685124
0.000682412
0.00067971
0.000677019
0.000674339
0.000671669
0.00066901
0.000666361
0.000663723
0.000661095
0.000658478
0.000655871
0.000653274
0.000650688
0.000648111
0.000645546
0.00064299
0.000640444
0.000637909
0.000635383
0.000632867
0.000630362
0.000627866
0.00062538
0.000622905
0.000620438
0.000617982
0.000615535
0.000613098
0.000610671
0.000608253
0.000605845
0.000603447
0.000601057
0.000598678
0.000596308
0.000593947
0.000591595
0.000589253
0.00058692
0.000584597
0.000582282
0.000579977
0.000577681
0.000575394
0.000573116
0.000570847
0.000568587
0.000566335
0.000564093
0.00056186
0.000559636
0.00055742
0.000555213
0.000553015
0.000550825
0.000548645
0.000546472
0.000544309
0.000542154
0.000540008
0.00053787
0.00053574
0.000533619
0.000531506
0.000529402
0.000527306
0.000525219
0.000523139
0.000521068
0.000519005
0.00051695
0.000514904
0.000512865
0.000510835
0.000508812
0.000506798
0.000504791
0.000502793
0.000500802
0.000498819
0.000496845
0.000494878
0.000492918
0.000490967
0.000489023
0.000487087
0.000485158
0.000483238
0.000481324
0.000479419
0.000477521
0.00047563
0.000473747
0.000471871
0.000470003
0.000468143
0.000466289
0.000464443
0.000462604
0.000460773
0.000458948
0.000457131
0.000455322
0.000453519
0.000451723
0.000449935
0.000448154
0.000446379
0.000444612
0.000442852
0.000441099
0.000439352
0.000437613
0.00043588
0.000434155
0.000432436
0.000430724
0.000429018
0.00042732
0.000425628
0.000423943
0.000422264
0.000420593
0.000418927
0.000417269
0.000415617
0.000413971
0.000412332
0.0004107
0.000409074
0.000407454
0.000405841
0.000404235
0.000402634
0.00040104
0.000399452
0.000397871
0.000396296
0.000394727
0.000393164
0.000391607
0.000390057
0.000388513
0.000386974
0.000385442
0.000383916
0.000382396
0.000380882
0.000379374
0.000377872
0.000376376
0.000374886
0.000373402
0.000371924
0.000370451
0.000368985
0.000367524
0.000366069
0.000364619
0.000363176
0.000361738
0.000360306
0.000358879
0.000357458
0.000356043
0.000354634
0.00035323
0.000351831
0.000350438
0.000349051
0.000347669
0.000346292
0.000344921
0.000343556
0.000342196
0.000340841
0.000339491
0.000338147
0.000336809
0.000335475
0.000334147
0.000332824
0.000331506
0.000330194
0.000328887
0.000327585
0.000326288
0.000324996
0.000323709
0.000322428
0.000321151
0.00031988
0.000318613
0.000317352
0.000316095
0.000314844
0.000313597
0.000312356
0.000311119
0.000309887
0.00030866
0.000307438
0.000306221
0.000305009
0.000303801
0.000302599
0.000301401
0.000300207
0.000299019
0.000297835
0.000296656
0.000295481
0.000294311
0.000293146
0.000291986
0.00029083
0.000289678
0.000288531
0.000287389
0.000286251
0.000285118
0.000283989
0.000282865
0.000281745
0.000280629
0.000279518
0.000278412
0.000277309
0.000276212
0.000275118
0.000274029
0.000272944
0.000271863
0.000270787
0.000269715
0.000268647
0.000267583
0.000266524
0.000265469
0.000264418
0.000263371
0.000262328
0.00026129
0.000260255
0.000259225
0.000258199
0.000257176
0.000256158
0.000255144
0.000254134
0.000253128
0.000252126
0.000251127
0.000250133
0.000249143
0.000248156
0.000247174
0.000246195
0.000245221
0.00024425
0.000243283
0.00024232
0.00024136
0.000240405
0.000239453
0.000238505
0.000237561
0.00023662
0.000235683
0.00023475
0.000233821
0.000232895
0.000231973
0.000231055
0.00023014
0.000229229
0.000228321
0.000227417
0.000226517
0.00022562
0.000224727
0.000223837
0.000222951
0.000222068
0.000221189
0.000220313
0.000219441
0.000218572
0.000217707
0.000216845
0.000215986
0.000215131
0.00021428
0.000213431
0.000212586
0.000211745
0.000210906
0.000210071
0.00020924
0.000208411
0.000207586
0.000206764
0.000205946
0.00020513
0.000204318
0.000203509
0.000202703
0.000201901
0.000201102
0.000200305
0.000199512
0.000198722
0.000197936
0.000197152
0.000196372
0.000195594
0.00019482
0.000194048
0.00019328
0.000192515
0.000191753
0.000190994
0.000190237
0.000189484
0.000188734
0.000187987
0.000187243
0.000186501
0.000185763
0.000185027
0.000184295
0.000183565
0.000182838
0.000182115
0.000181394
0.000180675
0.00017996
0.000179248
0.000178538
0.000177831
0.000177127
0.000176426
0.000175727
0.000175032
0.000174339
0.000173648
0.000172961
0.000172276
0.000171594
0.000170915
0.000170238
0.000169564
0.000168893
0.000168224
0.000167558
0.000166895
0.000166234
0.000165576
0.00016492
0.000164267
0.000163617
0.000162969
0.000162324
0.000161681
0.000161041
0.000160404
0.000159769
0.000159136
0.000158506
0.000157879
0.000157253
0.000156631
0.000156011
0.000155393
0.000154778
0.000154165
0.000153555
0.000152947
0.000152341
0.000151738
0.000151137
0.000150539
0.000149943
0.000149349
0.000148758
0.000148169
0.000147583
0.000146998
0.000146416
0.000145837
0.000145259
0.000144684
0.000144111
0.000143541
0.000142972
0.000142406
0.000141843
0.000141281
0.000140722
0.000140165
0.00013961
0.000139057
0.000138506
0.000137958
0.000137412
0.000136868
0.000136326
0.000135786
0.000135249
0.000134713
0.00013418
0.000133649
0.000133119
0.000132592
0.000132067
0.000131545
0.000131024
0.000130505
0.000129988
0.000129474
0.000128961
0.000128451
0.000127942
0.000127435
0.000126931
0.000126428
0.000125928
0.000125429
0.000124933
0.000124438
0.000123945
0.000123455
0.000122966
0.000122479
0.000121994
0.000121511
0.00012103
0.000120551
0.000120074
0.000119598
0.000119125
0.000118653
0.000118183
0.000117716
0.00011725
0.000116785
0.000116323
0.000115862
0.000115404
0.000114947
0.000114492
0.000114038
0.000113587
0.000113137
0.000112689
0.000112243
0.000111799
0.000111356
0.000110915
0.000110476
0.000110039
0.000109603
0.000109169
0.000108737
0.000108306
0.000107878
0.000107451
0.000107025
0.000106601
0.000106179
0.000105759
0.00010534
0.000104923
0.000104508
0.000104094
0.000103682
0.000103272
0.000102863
0.000102455
0.00010205
0.000101646
0.000101243
0.000100842
0.000100443
0.000100046
9.96495e-05
